Time,AGPnorm,Energy,Entropy
0,0,1,-7.51661147502297e-17
99.9999999999986,0.00132991902747219,1.00000000000111,0.00433156207551207
199.999999999993,0.00909401940029988,1.0000000000025,0.0128254282369996
300,0.0184556947500976,1.000000000002,0.0237745818713879
400.000000000022,0.0280308891561258,1.00000000000061,0.0373789760417415
500.000000000045,0.0398478251480161,1.00000000000005,0.0538027043400135
600.000000000068,0.0545797458819111,1.00000000000173,0.0729746021765497
700.000000000091,0.0693010132704983,1.00000000000257,0.0949495989695121
800.000000000113,0.0840137252554785,1.00000000000162,0.119909631005499
900.000000000136,0.100236879942644,1.00000000000124,0.149685022651255
1000.00000000016,0.115580513618693,1.00000000001146,0.18618533200622
1100.0000000001,0.132099834060429,1.00000000006563,0.231958812111108
1200,0.156259512380472,1.00000000022529,0.283853165296061
1299.99999999991,0.197604053864855,1.00000000048944,0.334900105516968
1399.99999999982,0.284854189559788,1.00000000079272,0.380926070999375
1499.99999999973,0.511131228794177,1.00000000107181,0.420755963352325
1599.99999999964,0.979937508634821,1.00000000136348,0.454782322729838
1699.99999999955,1.75672849409224,1.00000000161948,0.483284182211446
1799.99999999946,2.90465661086842,1.00000000167702,0.507020887401103
1899.99999999937,4.47258634883369,1.00000000179995,0.52600769309898
1999.99999999928,6.47016273946726,1.00000000188852,0.541899887967928
2099.99999999919,8.88438462033965,1.00000000195653,0.554600161357
2199.99999999909,11.6799814217282,1.00000000199525,0.56428462911609
2299.999999999,14.7907208868604,1.00000000188089,0.571516742258385
2399.99999999891,18.1194109353817,1.00000000184996,0.577312118262373
2499.99999999882,21.599360921293,1.00000000174531,0.581495330700138
2599.99999999873,25.1821022266026,1.00000000182586,0.583253253080843
2699.99999999864,28.7918067287827,1.000000001741,0.583840024300234
2799.99999999855,32.3384650909288,1.00000000172224,0.584065526822871
2899.99999999846,35.7555420165623,1.00000000166561,0.58405406694714
2999.99999999837,39.020237674226,1.00000000166352,0.582397869052011
3099.99999999828,42.1045018564391,1.00000000151329,0.580399446977171
3199.99999999819,44.9616348581586,1.00000000153878,0.579402167172731
3299.99999999809,47.5514395525224,1.00000000144061,0.579127092746952
3399.999999998,49.8667889994346,1.00000000140883,0.575520863064213
3499.99999999791,51.9207929917391,1.00000000130001,0.572615859757329
3599.99999999782,53.704538834923,1.00000000138835,0.57163989952115
3699.99999999773,55.2103456160977,1.00000000123631,0.569696241101157
3799.99999999764,56.4417425042669,1.00000000118398,0.566334161243987
3899.99999999755,57.4119656514693,1.00000000121596,0.569920657631635
3999.99999999746,58.1416121471958,1.00000000108883,0.559349449839251
4099.99999999738,58.6517981935729,1.00000000116799,0.569985137065651
4199.99999999775,58.9462640168442,1.00000000100557,0.553089089090418
4299.99999999811,59.0455425559734,1.00000000110136,0.572260250102057
4399.99999999848,58.9960175490903,1.0000000009322,0.55176502025068
4499.99999999884,58.7776553305934,1.00000000101907,0.555624686607925
4599.9999999992,58.475171842573,1.0000000011373,0.567188112200616
4699.99999999957,58.0570068405033,1.00000000085034,0.527453954085044
4799.99999999993,57.5330843132044,1.00000000132492,0.573709515005078
4900.00000000029,56.9928887725843,1.00000000118137,0.5554050226288
5000.00000000066,56.3645839419074,1.00000000080904,0.508253079963095
5100.00000000102,55.6816712161613,1.00000000135309,0.573493494400806
5200.00000000139,55.0202019862804,1.00000000122626,0.552345703713798
5300.00000000175,54.3105395529036,1.00000000077192,0.490214566375678
5400.00000000211,53.5477909062723,1.00000000120458,0.541488271696937
5500.00000000248,52.8208919227763,1.00000000150203,0.572278507235256
5600.00000000284,52.1055299237536,1.00000000092271,0.497677102317685
5700.00000000321,51.3469834795341,1.00000000087577,0.478755510867032
5800.00000000357,50.5809956511571,1.00000000137958,0.550903736228342
5900.00000000393,49.8571669287183,1.0000000014594,0.555475216028308
6000.0000000043,49.147892505283,1.00000000093627,0.483668839896565
6100.00000000466,48.4222599011267,1.00000000083316,0.469303591244787
6200.00000000502,47.6927925729568,1.00000000123929,0.516331823013666
6300.00000000539,46.9908144499525,1.00000000141375,0.55404095595389
6400.00000000575,46.3166663166446,1.00000000117093,0.511232737630861
6500.00000000612,45.6502133466146,1.00000000087489,0.471297416135369
6600.00000000648,44.9867315427259,1.00000000092258,0.484905083187666
6700.00000000684,44.331721996831,1.00000000111187,0.508631334034382
6800.00000000721,43.6959258402272,1.00000000129405,0.53717305990814
6900.00000000757,43.0810861560777,1.00000000126805,0.523529653425138
7000.00000000793,42.4817350042033,1.0000000009741,0.480427888095761
7100.0000000083,41.8974807779177,1.00000000100223,0.487106657717276
7200.00000000866,41.3271907334126,1.00000000107091,0.509142519856279
7300.00000000903,40.7711652319299,1.00000000107085,0.500687075833193
7400.00000000939,40.2304271557161,1.00000000122651,0.521390458019113
7500.00000000975,39.7026936493646,1.00000000127076,0.526428444832127
7600.00000001012,39.1901922745906,1.00000000101344,0.503109247339836
7700.00000001048,38.6991189843139,1.00000000091822,0.481647154131493
7800.00000001084,38.2261096321838,1.00000000117791,0.506917319427699
7900.00000001121,37.7647643905528,1.00000000115743,0.522253620496576
8000.00000001157,37.3199172616,1.00000000095312,0.494597464199961
8100.00000001194,36.8919651247381,1.00000000110413,0.506288241471483
8200.0000000123,36.4726128107999,1.00000000140071,0.534288129273965
8300.00000001266,36.0585389605443,1.00000000123058,0.520043844943195
8400.00000001303,35.6625974066469,1.00000000090906,0.493074274669654
8500.00000001339,35.2902048716418,1.00000000095785,0.491912360533075
8600.00000001376,34.9325144497221,1.00000000116236,0.511667820310256
8700.00000001412,34.5793829763233,1.00000000129897,0.520550228725894
8800.00000001448,34.2366809682832,1.000000001023,0.510876301966446
8900.00000001485,33.9136923721208,1.00000000099257,0.491579595567107
9000.00000001521,33.6026722175069,1.00000000117826,0.518358247612258
9100.00000001557,33.2933996565095,1.00000000133667,0.536807780502906
9200.00000001594,32.985811193304,1.00000000124628,0.529113728422004
9300.0000000163,32.6899869568702,1.00000000104323,0.505724806544033
9400.00000001667,32.415496660809,1.00000000105592,0.501867661747513
9500.00000001703,32.1576266355702,1.00000000104307,0.511317996943038
9600.00000001739,31.9093354945217,1.00000000117306,0.519487485918069
9700.00000001776,31.6638397752444,1.00000000118193,0.51581533461213
9800.00000001812,31.4232169438554,1.00000000110606,0.521415279711363
9900.00000001848,31.1924181998173,1.00000000103535,0.527614323356141
10000.0000000188,30.9721208346169,1.00000000105046,0.521922216865512
10100.0000000192,30.7588669896813,1.00000000107341,0.52758331803267
10200.0000000196,30.5507496280465,1.00000000119293,0.541097941434604
10300.0000000199,30.3445513836718,1.00000000126288,0.539971943545554
10400.0000000203,30.1416645656162,1.00000000110388,0.532258714853987
10500.0000000207,29.9536153232219,1.00000000093762,0.518278058065502
10600.000000021,29.7854763676657,1.00000000102737,0.511528948478608
10700.0000000214,29.6246715314811,1.00000000119344,0.527603843745538
10800.0000000218,29.4662162212427,1.00000000111958,0.52841530547841
10900.0000000221,29.3194488223939,1.00000000102336,0.517512520442721
11000.0000000225,29.1841591593402,1.00000000105326,0.522282256429915
11100.0000000229,29.0522374689318,1.00000000119744,0.528623664787373
11200.0000000232,28.9130436927962,1.00000000125411,0.551636206773962
11300.0000000236,28.7681615535001,1.00000000114293,0.563061003069836
11400.0000000239,28.6255904790568,1.00000000107654,0.550739349973632
11500.0000000243,28.4898819168466,1.0000000010548,0.5465267722819
11600.0000000247,28.3622542570172,1.00000000112363,0.548977277460896
11700.000000025,28.2372160714533,1.00000000123228,0.552727248995467
11800.0000000254,28.1133240142402,1.00000000130805,0.550773402928553
11900.0000000258,27.9935485652575,1.00000000110711,0.541531606756816
12000.0000000261,27.8867282166174,1.00000000103938,0.535452612021866
12100.0000000265,27.7940861690816,1.00000000109594,0.534825902724953
12200.0000000269,27.7119048121283,1.00000000109315,0.53190944780936
12300.0000000272,27.629497234167,1.00000000124604,0.541870920498579
12400.0000000276,27.5453556403312,1.00000000120617,0.548187662762651
12500.0000000279,27.4676557145455,1.0000000010546,0.529631256233916
12600.0000000283,27.4020842518163,1.00000000110587,0.534586325253615
12700.0000000287,27.3457719014999,1.0000000011461,0.551923701820307
12800.000000029,27.2888302552116,1.00000000117075,0.55616579906352
12900.0000000294,27.2268549078741,1.00000000121428,0.555543551259336
13000.0000000298,27.1549630329085,1.00000000123797,0.565574558296297
13100.0000000301,27.0750702207336,1.0000000012503,0.574849430550371
13200.0000000305,26.9892991544623,1.0000000012004,0.579076211296012
13300.0000000309,26.9004797861888,1.0000000011553,0.584584051549169
13400.0000000312,26.814307345252,1.00000000110754,0.579869249610523
13500.0000000316,26.734935310282,1.00000000112732,0.571045049275926
13600.0000000319,26.6627978210955,1.00000000113922,0.56418344253251
13700.0000000323,26.595626249687,1.00000000125481,0.560174776122818
13800.0000000327,26.5312879976327,1.00000000118122,0.56007145408495
13900.000000033,26.4715779594659,1.00000000115166,0.556103247995593
14000.0000000334,26.4224238838944,1.00000000111314,0.556547554397488
14100.0000000338,26.3869336748008,1.00000000111144,0.548765999147061
14200.0000000341,26.3548834320246,1.00000000130829,0.554963594770323
14300.0000000345,26.3234544014825,1.00000000116589,0.555257637276945
14400.0000000349,26.2960292938552,1.00000000116009,0.550848654155517
14500.0000000352,26.2742460016044,1.00000000111092,0.543520647020353
14600.0000000356,26.254565125138,1.00000000113792,0.541217594185007
14700.0000000359,26.2368205321443,1.00000000114814,0.554093955623667
14800.0000000363,26.2213378702935,1.00000000114877,0.564057995250845
14900.0000000367,26.2067172510069,1.00000000115543,0.575384919558001
15000.000000037,26.1903063165362,1.0000000011847,0.581490878091867
15100.0000000374,26.1719666058474,1.00000000118864,0.591394630679608
15200.0000000378,26.1522150981901,1.00000000114536,0.593779421361191
15300.0000000381,26.1330861114129,1.00000000112848,0.584719271518609
15400.0000000385,26.1116230408682,1.00000000115905,0.584006906225239
15500.0000000389,26.0845010555355,1.00000000126873,0.585790259255873
15600.0000000392,26.0468815781301,1.00000000124745,0.587803334860014
15700.0000000396,26.0008257203355,1.00000000124977,0.592325935560593
15800.0000000399,25.9427650870416,1.00000000120828,0.595220305444691
15900.0000000403,25.8796742698934,1.00000000125887,0.604028440290958
16000.0000000407,25.8168490727289,1.00000000115038,0.606881085405528
16100.000000041,25.7589011216044,1.00000000106444,0.59586944160804
16200.0000000414,25.7082040752353,1.00000000111939,0.589931471799506
16300.0000000418,25.6656099902773,1.00000000113941,0.583613777461261
16400.0000000418,25.6287001741689,1.00000000122586,0.576733968111499
16500.0000000404,25.5949289081643,1.00000000123048,0.580177869644405
16600.0000000389,25.564810776519,1.00000000119742,0.574322566603165
16700.0000000375,25.5409619309937,1.00000000113968,0.570774470453699
16800.000000036,25.5253758776648,1.00000000116884,0.571916679861916
16900.0000000346,25.5188630909806,1.00000000116384,0.571567491946649
17000.0000000331,25.5181440420222,1.00000000114335,0.57269290047301
17100.0000000317,25.5208690204433,1.00000000120642,0.566231300687559
17200.0000000302,25.5237718677402,1.00000000123609,0.564302422160239
17300.0000000287,25.5286102379446,1.00000000118822,0.558354259690828
17400.0000000273,25.5381115735834,1.00000000119882,0.559755470444745
17500.0000000258,25.5516020844634,1.000000001211,0.567602046666039
17600.0000000244,25.5670443601741,1.00000000113346,0.564066110045853
17700.0000000229,25.5839398976419,1.00000000124261,0.563186604870107
17800.0000000215,25.6001044764977,1.00000000119471,0.562319136045717
17900.00000002,25.612170708293,1.00000000121794,0.562545266472352
18000.0000000186,25.6214930302317,1.0000000012867,0.567005168931332
18100.0000000171,25.6284000752075,1.00000000123969,0.577214183519342
18200.0000000156,25.6345858267094,1.00000000120047,0.582871693424942
18300.0000000142,25.6432168253507,1.00000000122141,0.586202125790763
18400.0000000127,25.6514010330629,1.00000000124004,0.588180448047787
18500.0000000113,25.6547533364261,1.00000000124811,0.586295853628214
18600.0000000098,25.6534911119305,1.0000000012773,0.598081714061166
18700.0000000084,25.6476737021694,1.00000000125781,0.602538784860563
18800.0000000069,25.6401053850733,1.00000000117805,0.607541049213917
18900.0000000055,25.6309477356418,1.00000000121464,0.611477934479197
19000.000000004,25.6188757862324,1.00000000121382,0.609796606955949
19100.0000000026,25.6026273527087,1.0000000012139,0.612162426378114
19200.0000000011,25.581138290742,1.00000000122872,0.611851059144452
19299.9999999996,25.5570940197908,1.00000000125352,0.607206630342946
19399.9999999982,25.5296243426532,1.00000000124355,0.602641291437585
19499.9999999967,25.4963322477776,1.000000001321,0.603467194505072
19599.9999999953,25.4544164952284,1.00000000131138,0.603804462581809
19699.9999999938,25.4052443355863,1.00000000130958,0.604222831356433
19799.9999999924,25.3514414002837,1.00000000126393,0.600149611963973
19899.9999999909,25.2965639244681,1.00000000126022,0.601039018909898
19999.9999999895,25.2427773446321,1.00000000117141,0.592901311839856
20099.999999988,25.1931233340642,1.00000000120497,0.589016592506866
20199.9999999865,25.1499245804951,1.00000000117306,0.583509275121881
20299.9999999851,25.111865076507,1.00000000123785,0.579265210624721
20399.9999999836,25.0789062771716,1.00000000123997,0.582438847825638
20499.9999999822,25.0504673381276,1.00000000128615,0.584187228659548
20599.9999999807,25.0266170541201,1.00000000122155,0.576906063571595
20699.9999999793,25.0066126446237,1.00000000130397,0.567374623845063
20799.9999999778,24.9932186017722,1.00000000120426,0.5598877201112
20899.9999999764,24.9860702726365,1.0000000012267,0.560200721843034
20999.9999999749,24.9851217092111,1.0000000012281,0.567524872703553
21099.9999999734,24.9911296354701,1.00000000120357,0.570486846089031
21199.999999972,25.0035121893165,1.00000000122892,0.573699674998204
21299.9999999705,25.0195584375576,1.00000000122132,0.567495245757997
21399.9999999691,25.0358291738105,1.0000000013191,0.568676151983488
21499.9999999676,25.0545422890857,1.00000000119037,0.566915109765746
21599.9999999662,25.0776695371944,1.0000000013137,0.563732627627778
21699.9999999647,25.1022186198208,1.00000000122088,0.55870026088573
21799.9999999633,25.1287120725931,1.00000000122965,0.557775049645074
21899.9999999618,25.1604521822403,1.00000000118641,0.561733483965672
21999.9999999603,25.1966336345178,1.00000000128878,0.567116092379815
22099.9999999589,25.2308638298627,1.00000000133887,0.573784525745194
22199.9999999574,25.2626772738922,1.00000000125431,0.575873729372084
22299.999999956,25.2927959675972,1.00000000136797,0.576567383719405
22399.9999999545,25.320059317295,1.00000000125638,0.577208904907765
22499.9999999531,25.3454109731013,1.00000000126974,0.586792194061884
22599.9999999516,25.3690098982728,1.00000000123861,0.595945959126439
22699.9999999502,25.3924811297884,1.00000000121414,0.604867541540006
22799.9999999487,25.4160143339456,1.00000000127633,0.613424237318486
22899.9999999473,25.4378036241264,1.00000000125598,0.618181668755449
22999.9999999458,25.4556799364756,1.00000000127315,0.623041527617392
23099.9999999443,25.468872318111,1.00000000139539,0.622669948212394
23199.9999999429,25.4784236535829,1.00000000137234,0.620723347397516
23299.9999999414,25.4870011819275,1.00000000127343,0.626676196324694
23399.99999994,25.4970038979547,1.00000000122029,0.629887462793979
23499.9999999385,25.5075690247305,1.00000000131409,0.626912356013974
23599.9999999371,25.5204769295333,1.00000000121521,0.624106107786895
23699.9999999356,25.5338817615639,1.00000000132138,0.62632236013369
23799.9999999342,25.5413539426348,1.00000000147747,0.629562331712859
23899.9999999327,25.5430748842049,1.00000000134648,0.640241278989137
23999.9999999312,25.541733745091,1.00000000130095,0.647984077206232
24099.9999999298,25.5381115840945,1.00000000122102,0.645031218906013
24199.9999999283,25.5323072743713,1.00000000133966,0.646756353529265
24299.9999999269,25.5235072865772,1.00000000130002,0.644079240165048
24399.9999999254,25.5148556695513,1.0000000011856,0.639721318716303
24499.999999924,25.508676161763,1.00000000120544,0.630144189264737
24599.9999999225,25.5005656711672,1.0000000013331,0.633890385335166
24699.9999999211,25.4882076512142,1.00000000137409,0.63294877816355
24799.9999999196,25.4733830756924,1.00000000135886,0.637543778375108
24899.9999999181,25.4549775932623,1.00000000138303,0.644740874886602
24999.9999999167,25.4337528662158,1.00000000132736,0.643125069927568
25099.9999999152,25.411393677703,1.00000000131202,0.645830762872055
25199.9999999138,25.3860379810731,1.00000000135528,0.648014174562732
25299.9999999123,25.3602715025332,1.00000000118812,0.64559203068397
25399.9999999109,25.3360349960092,1.00000000131038,0.647036787673426
25499.9999999094,25.3090419619735,1.0000000013217,0.650237134663268
25599.999999908,25.2795835271116,1.00000000133148,0.645012146939793
25699.9999999065,25.2473717621844,1.00000000137003,0.645956312428557
25799.9999999051,25.2117151552656,1.00000000138107,0.655461400654901
25899.9999999036,25.1729281781824,1.00000000129977,0.652148581491553
25999.9999999021,25.1325811668777,1.00000000131782,0.650598017833044
26099.9999999007,25.0903094249479,1.00000000140022,0.656136469457325
26199.9999998992,25.0435104946985,1.00000000145701,0.659632561881755
26299.9999998978,24.992089933019,1.00000000139339,0.65678454876465
26399.9999998963,24.9382051362605,1.00000000135745,0.659387242062706
26499.9999998949,24.8836635208649,1.00000000125827,0.656130020109845
26599.9999998934,24.8300724273558,1.00000000130532,0.663079558252464
26699.999999892,24.7778107577303,1.00000000122656,0.662777792974133
26799.9999998905,24.7288367759223,1.00000000123064,0.660244676625189
26899.999999889,24.6836031878483,1.00000000127054,0.652999415020877
26999.9999998876,24.6429610737015,1.00000000131395,0.64866007717839
27099.9999998861,24.606094450476,1.00000000132677,0.646872862368423
27199.9999998847,24.5740991369771,1.00000000133998,0.643445032609603
27299.9999998832,24.5467584928492,1.00000000137584,0.64685134769059
27399.9999998818,24.522768207721,1.00000000134313,0.640038535273431
27499.9999998803,24.5031686834719,1.0000000013462,0.634192021791933
27599.9999998789,24.4867500674087,1.00000000135235,0.631838924901039
27699.9999998774,24.4747808357363,1.00000000126722,0.621889030555712
27799.9999998759,24.4686595490986,1.00000000137334,0.612705900110628
27899.9999998745,24.4671810330352,1.00000000125884,0.613200198741772
27999.999999873,24.4712694554028,1.0000000012891,0.611460308677044
28099.9999998716,24.4820976859723,1.00000000129732,0.607166289914544
28199.9999998701,24.4959457400556,1.00000000143469,0.610678032549542
28299.9999998687,24.5138590944156,1.00000000135874,0.605972770893781
28399.9999998672,24.5370446461281,1.00000000129239,0.600976687386725
28499.9999998658,24.5604732950017,1.00000000146689,0.597116217658086
28599.9999998643,24.5841936375702,1.00000000136921,0.593737491588326
28699.9999998629,24.6114528074822,1.00000000129819,0.592340808356025
28799.9999998614,24.6422469439301,1.00000000135938,0.5948614035678
28899.9999998599,24.6738747615016,1.00000000142032,0.589261301144356
28999.9999998585,24.7067271046714,1.00000000133488,0.585182529599061
29099.999999857,24.7446603212662,1.00000000128855,0.587591920325739
29199.9999998556,24.7851458192925,1.00000000135839,0.591399766172238
29299.9999998541,24.8246951172521,1.00000000138097,0.599117188078887
29399.9999998527,24.8656261055321,1.00000000136332,0.598289807215165
29499.9999998512,24.9082760467275,1.00000000134781,0.597330165342773
29599.9999998498,24.9505734642479,1.0000000014117,0.599844102539216
29699.9999998483,24.9919994231035,1.00000000140325,0.603371920216734
29799.9999998468,25.0309568332805,1.00000000141712,0.60383195779879
29899.9999998454,25.0687416456906,1.0000000013576,0.602823956760139
29999.9999998439,25.1079407912544,1.00000000140855,0.606079591433945
30099.9999998425,25.1446254762773,1.00000000151258,0.608106138612213
30199.999999841,25.1790449357805,1.00000000141357,0.605236913602132
30299.9999998396,25.212785309023,1.00000000149078,0.608104866991156
30399.9999998381,25.2428321955986,1.0000000015338,0.609094476602968
30499.9999998367,25.271819686846,1.00000000137914,0.607973046005078
30599.9999998352,25.301318507505,1.000000001441,0.612721207643963
30699.9999998337,25.328886359978,1.0000000015462,0.626160079918375
30799.9999998323,25.3544044507603,1.00000000146247,0.635702947807661
30899.9999998308,25.3792905319474,1.00000000141529,0.633752661995801
30999.9999998294,25.4038638195242,1.00000000142324,0.63952430139859
31099.9999998279,25.4248379087713,1.00000000146745,0.642425075744422
31199.9999998265,25.4410493448871,1.00000000147149,0.638738482613044
31299.999999825,25.4561383146171,1.00000000144266,0.640433531358703
31399.9999998236,25.471552326817,1.00000000141885,0.641192300032577
31499.9999998221,25.4864915255473,1.00000000151,0.64408543692346
31599.9999998207,25.4991644674542,1.00000000145463,0.65253474095289
31699.9999998192,25.5093872507815,1.00000000141467,0.657087575426001
31799.9999998177,25.5186086785575,1.00000000142532,0.659825292994699
31899.9999998163,25.527443531534,1.00000000142402,0.656695706600289
31999.9999998148,25.5357379266469,1.00000000141637,0.663247593885548
32099.9999998134,25.5430503966931,1.00000000144405,0.668705520462709
32199.9999998119,25.5466054119108,1.00000000151618,0.669045950923726
32299.9999998105,25.5474955426056,1.00000000145269,0.661354258814388
32399.999999809,25.5471273452624,1.00000000145235,0.661201482634273
32499.9999998076,25.5448098550065,1.00000000154755,0.656613951238095
32599.9999998061,25.5416135205803,1.00000000142619,0.652303544175081
32699.9999998046,25.5428298798708,1.00000000136607,0.650773856598758
32799.9999998032,25.547381709784,1.00000000145919,0.6522176170001
32899.9999998017,25.5525338559632,1.0000000015786,0.660659293299426
32999.9999998003,25.5597365152766,1.00000000138086,0.66007738311798
33099.9999997988,25.5699602115693,1.00000000138317,0.664116836707141
33199.9999997974,25.5790207553636,1.00000000157731,0.673198893196906
33299.9999997959,25.5850584230448,1.00000000157779,0.669779222837799
33399.9999997945,25.5909584046098,1.00000000136643,0.667515391578051
33499.999999793,25.5965193002221,1.00000000147452,0.666879292148126
33599.9999997916,25.5992155372139,1.00000000155776,0.657841001473343
33699.9999997901,25.5981706324887,1.00000000149042,0.65672540153935
33799.9999997886,25.5951830890155,1.00000000149276,0.660031310283972
33899.9999997872,25.5934103750045,1.00000000142275,0.658744242882995
33999.9999997857,25.5928540104304,1.00000000148882,0.661145490199782
34099.9999997843,25.5928060627081,1.00000000155227,0.658739209151929
34199.9999997828,25.5940560623314,1.00000000138784,0.651731751803168
34299.9999997814,25.5968068136303,1.00000000145769,0.652815752327669
34399.9999997799,25.5989143225388,1.00000000149642,0.653197248011023
34499.9999997785,25.5994526195373,1.00000000148699,0.644375580394503
34599.999999777,25.6012378686934,1.00000000144222,0.639215600270458
34699.9999997755,25.6028876079578,1.00000000152822,0.636565736161168
34799.9999997741,25.6029256308003,1.0000000015624,0.644693230683754
34899.9999997726,25.6024113461585,1.00000000148288,0.646925186657314
34999.9999997712,25.6005366514772,1.0000000014914,0.652935945854165
35099.9999997697,25.5970583037184,1.00000000155502,0.658210868347192
35199.9999997683,25.5914173793239,1.00000000154559,0.653932070360352
35299.9999997668,25.5842375816508,1.0000000015276,0.652293112897635
35399.9999997654,25.5767865879596,1.00000000143013,0.64968063921418
35499.9999997639,25.5692079768522,1.00000000151666,0.654920429524847
35599.9999997624,25.5592159202915,1.00000000154582,0.65748430389456
35699.999999761,25.5477775655727,1.00000000152873,0.657382294277101
35799.9999997595,25.5371419612213,1.00000000150015,0.658250991797536
35899.9999997581,25.5276092367835,1.00000000149004,0.65815273297725
35999.9999997566,25.5203244078451,1.00000000144357,0.655505154744172
36099.9999997552,25.5172221609791,1.00000000142173,0.65586647309053
36199.9999997537,25.5154241686811,1.00000000157082,0.663575652274196
36299.9999997523,25.5103255506313,1.00000000161964,0.657238549144415
36399.9999997508,25.5018526343534,1.00000000158343,0.649786693034175
36499.9999997494,25.494182070395,1.0000000013531,0.642746357178146
36599.9999997479,25.486832378833,1.00000000151102,0.65872339042187
36699.9999997464,25.4775066167206,1.00000000159399,0.65733282089869
36799.999999745,25.4680581481075,1.00000000160043,0.654704908617516
36899.9999997435,25.4591892938134,1.00000000159271,0.660256288732961
36999.9999997421,25.4494649471932,1.00000000154407,0.653155557947729
37099.9999997406,25.4385524016168,1.0000000015551,0.655322264065436
37199.9999997392,25.428168506798,1.00000000153186,0.656742694368155
37299.9999997377,25.4173365953459,1.00000000154182,0.663058335385299
37399.9999997363,25.4043261678603,1.00000000160244,0.669752653083182
37499.9999997348,25.3900047499843,1.00000000159963,0.674101395162051
37599.9999997333,25.3756548134619,1.00000000155441,0.674388178506956
37699.9999997319,25.3588191358676,1.00000000161497,0.674759746335624
37799.9999997304,25.3405528123493,1.00000000161617,0.67161197832137
37899.999999729,25.3225294385208,1.00000000146251,0.665643016360588
37999.9999997275,25.3061504800753,1.0000000014871,0.670481191119304
38099.9999997261,25.2890323695575,1.00000000152489,0.67896688216198
38199.9999997246,25.2698190364794,1.00000000162708,0.67647624713452
38299.9999997232,25.2490505590169,1.00000000155497,0.674325660266644
38399.9999997217,25.2272729664327,1.00000000159177,0.672050623500118
38499.9999997202,25.2037378301456,1.00000000163024,0.675832776140708
38599.9999997188,25.1789233799916,1.00000000152212,0.667104686023096
38699.9999997173,25.1540642392777,1.00000000144346,0.658736018434524
38799.9999997159,25.1279870296219,1.0000000016063,0.668842365155438
38899.9999997144,25.0994115877692,1.00000000162455,0.67036306041087
38999.999999713,25.0686606567523,1.00000000155761,0.666412824474251
39099.9999997115,25.0356849827259,1.00000000171021,0.662904047730465
39199.9999997101,25.0009911068551,1.00000000163364,0.656598489754303
39299.9999997086,24.964757779969,1.00000000161041,0.657424958328057
39399.9999997071,24.9266135584655,1.0000000016607,0.659980215386215
39499.9999997057,24.8860913531864,1.00000000164196,0.659324761657773
39599.9999997042,24.8434585202731,1.00000000166513,0.664195943806475
39699.9999997028,24.7997584955036,1.00000000156157,0.667594123948506
39799.9999997013,24.7565244912385,1.00000000152926,0.664302346600052
39899.9999996999,24.7147723463241,1.00000000153344,0.660582901918171
39999.9999996984,24.6741048888702,1.00000000151707,0.665925872218583
40099.999999697,24.6344535567444,1.00000000153492,0.666236880255766
40199.9999996955,24.5964781576567,1.00000000151187,0.659327857064607
40299.9999996941,24.5614349288565,1.00000000152584,0.656927904030308
40399.9999996926,24.5297878963669,1.00000000146578,0.65772196475442
40499.9999996911,24.5022233745849,1.000000001505,0.651944949715284
40599.9999996897,24.4791939620404,1.00000000150577,0.65538116306819
40699.9999996882,24.4597708432922,1.00000000152785,0.650350093173801
40799.9999996868,24.443522810987,1.00000000157608,0.645217757432745
40899.9999996853,24.4319529210176,1.00000000157377,0.644338913402429
40999.9999996839,24.4234091216422,1.00000000162681,0.645636573033071
41099.9999996824,24.4177403140733,1.00000000158773,0.643449966715946
41199.999999681,24.4150750085077,1.00000000156635,0.646596042908721
41299.9999996795,24.4154706035927,1.00000000146629,0.646240872733602
41399.999999678,24.4187891211029,1.00000000153866,0.6440091099288
41499.9999996766,24.4244917889116,1.00000000163725,0.642838699822071
41599.9999996751,24.4336889711006,1.00000000171794,0.639695456082782
41699.9999996737,24.4469838913294,1.0000000015848,0.6345734000627
41799.9999996722,24.466068731394,1.00000000153899,0.631638595865731
41899.9999996708,24.4895331547573,1.00000000158258,0.623580627573352
41999.9999996693,24.5174208406256,1.0000000015574,0.625279496404262
42099.9999996679,24.5494803103264,1.00000000154675,0.619412280659683
42199.9999996664,24.5862143333367,1.00000000157508,0.616290958877853
42299.9999996649,24.6264636514244,1.000000001673,0.622215774335998
42399.9999996635,24.670497240037,1.00000000167779,0.615459420640856
42499.999999662,24.7155176326902,1.00000000164978,0.616688648288331
42599.9999996606,24.7650169663318,1.0000000015363,0.615295462875585
42699.9999996591,24.816162354905,1.0000000017025,0.612834389418152
42799.9999996577,24.8671449057831,1.00000000171026,0.613469888613072
42899.9999996562,24.9202112106359,1.00000000158838,0.611406381259236
42999.9999996548,24.9750685726901,1.00000000162834,0.603820013695149
43099.9999996533,25.0337791833214,1.00000000167072,0.603177236071458
43199.9999996519,25.0920410154438,1.00000000161244,0.604499432030112
43299.9999996504,25.1537795734813,1.00000000163811,0.603158573802027
43399.9999996489,25.2168464860601,1.00000000158084,0.59663132777996
43499.9999996475,25.2831887783333,1.00000000164196,0.589972468182926
43599.999999646,25.3523308815295,1.00000000164006,0.594371101172919
43699.9999996446,25.4219017512815,1.00000000158895,0.594526253172184
43799.9999996431,25.4961940869393,1.00000000153442,0.595905200063902
43899.9999996417,25.5727113490543,1.0000000016329,0.591002205082337
43999.9999996402,25.6527027348289,1.00000000165251,0.589484991713812
44099.9999996388,25.7318303959156,1.00000000162398,0.58759072770828
44199.9999996373,25.8116498910602,1.00000000161071,0.594430157672522
44299.9999996358,25.8926230197115,1.0000000016964,0.595374041222631
44399.9999996344,25.9721093557727,1.0000000017102,0.593943230607278
44499.9999996329,26.0538059724298,1.00000000166564,0.601291170196939
44599.9999996315,26.1331759131727,1.000000001646,0.599876944702691
44699.99999963,26.2140841952161,1.00000000168727,0.596240361131191
44799.9999996286,26.2939545506702,1.00000000159949,0.595713740251505
44899.9999996271,26.3715157799039,1.00000000169326,0.594666122565827
44999.9999996257,26.4474402262889,1.00000000180042,0.602402135660157
45099.9999996242,26.5184627853737,1.00000000167979,0.610776687227284
45199.9999996227,26.5896849957253,1.00000000176435,0.611385436643866
45299.9999996213,26.6587015756773,1.00000000170318,0.612565318958094
45399.9999996198,26.7276803557764,1.0000000016492,0.611366077633475
45499.9999996184,26.7978582693339,1.00000000168558,0.618396554142473
45599.9999996169,26.8661745873661,1.00000000172017,0.621448501788995
45699.9999996155,26.9336815252616,1.00000000176481,0.624923096103098
45799.999999614,26.9970024214816,1.00000000178443,0.625374561040446
45899.9999996126,27.0587613282051,1.00000000177124,0.633407456219907
45999.9999996111,27.1168673862403,1.00000000173529,0.639303582262775
46099.9999996097,27.1739047293433,1.00000000175343,0.639131161203772
46199.9999996082,27.2328311116261,1.00000000160666,0.633680334824663
46299.9999996067,27.2940758817916,1.00000000162901,0.636375022675073
46399.9999996053,27.3600805655811,1.00000000166746,0.640603186118034
46499.9999996038,27.426819946784,1.00000000166125,0.643615608815095
46599.9999996024,27.4937555572231,1.00000000176336,0.647640047909605
46699.9999996009,27.5568854255926,1.00000000183055,0.657968341146983
46799.9999995995,27.616836854489,1.00000000179073,0.657989945785538
46899.999999598,27.6765089221394,1.00000000173039,0.660981834838381
46999.9999995966,27.7348765909727,1.00000000175533,0.663436818103892
47099.9999995951,27.7915797228974,1.00000000173414,0.666745741875969
47199.9999995936,27.8443375416965,1.00000000178169,0.67442152879561
47299.9999995922,27.8984816416769,1.00000000171262,0.679308935671973
47399.9999995907,27.9529217429843,1.00000000160124,0.673952274055675
47499.9999995893,28.0072682723498,1.00000000177018,0.67605806405598
47599.9999995878,28.0606444921903,1.00000000175838,0.684641337450169
47699.9999995864,28.1111871745193,1.00000000182057,0.690709230866656
47799.9999995849,28.1607920369261,1.00000000177871,0.698963863431858
47899.9999995835,28.2087188498619,1.00000000167552,0.692520474972491
47999.999999582,28.2563931523533,1.00000000173577,0.68797481938279
48099.9999995805,28.3022992036972,1.00000000168101,0.683333582370451
48199.9999995791,28.3460818156254,1.00000000175259,0.684062733141874
48299.9999995776,28.3897643656402,1.00000000172047,0.688811311206657
48399.9999995762,28.4329085394228,1.0000000017249,0.691105561248093
48499.9999995747,28.4769454340784,1.00000000180966,0.69059822660682
48599.9999995733,28.5196359271774,1.00000000169645,0.687521583917958
48699.9999995718,28.5611471080897,1.0000000018772,0.697402345986665
48799.9999995704,28.6009008407826,1.00000000188593,0.691242419022674
48899.9999995689,28.6387989189161,1.00000000162974,0.679704926322276
48999.9999995675,28.6778866685413,1.00000000168038,0.677489400644662
49099.999999566,28.7174899360255,1.00000000172262,0.677382537159492
49199.9999995645,28.7598780389191,1.00000000181749,0.67961957424676
49299.9999995631,28.8025300392207,1.00000000177013,0.688510577792637
49399.9999995616,28.8432406134856,1.00000000179707,0.690515405652278
49499.9999995602,28.8824025096535,1.00000000177336,0.685031743438589
49599.9999995587,28.9218042830269,1.00000000170396,0.685917951945826
49699.9999995573,28.9624869604529,1.00000000180175,0.689007822549555
49799.9999995558,28.9989203603677,1.00000000193354,0.693445943715942
49899.9999995544,29.03107627642,1.00000000176873,0.689725381781955
49999.9999995529,29.060623778367,1.00000000183406,0.686978746423909
50099.9999995514,29.0886409792408,1.00000000170614,0.683674856990206
50199.99999955,29.1175585894916,1.00000000178067,0.685135887955562
50299.9999995485,29.1468113768516,1.00000000169366,0.678120918712308
50399.9999995471,29.1769421760164,1.00000000179463,0.677409289481595
50499.9999995456,29.2081192162573,1.00000000169886,0.676002663794861
50599.9999995442,29.239338380437,1.00000000174138,0.684294235269072
50699.9999995427,29.2692912587388,1.00000000177155,0.681991121427582
50799.9999995413,29.2993337441789,1.00000000179476,0.68078783098136
50899.9999995398,29.3319853436083,1.00000000174608,0.67847132558118
50999.9999995383,29.3665051328501,1.00000000172577,0.687348092717636
51099.9999995369,29.4008724322603,1.00000000179651,0.688740087415845
51199.9999995354,29.4337058977516,1.00000000185522,0.685979376768725
51299.999999534,29.4629420626918,1.00000000186069,0.683042819443535
51399.9999995325,29.4894809412999,1.00000000179245,0.68289971005764
51499.9999995311,29.5128469688098,1.00000000179488,0.678414928276036
51599.9999995296,29.5356532283935,1.00000000178122,0.684290611151893
51699.9999995282,29.5575066215231,1.00000000163647,0.686283468226109
51799.9999995267,29.5801183030208,1.00000000164627,0.682241361299372
51899.9999995253,29.6010588218085,1.00000000183699,0.677583821493305
51999.9999995238,29.6201820699552,1.00000000192175,0.674080667173389
52099.9999995223,29.6400867104007,1.00000000175024,0.667900578330775
52199.9999995209,29.6628110620923,1.00000000176439,0.667153202411239
52299.9999995194,29.6857875015389,1.00000000183282,0.675036926022089
52399.999999518,29.7077339375555,1.00000000178644,0.68137395607571
52499.9999995165,29.7290678741546,1.00000000179307,0.676826499598052
52599.9999995151,29.7503255699701,1.00000000185114,0.67615849745879
52699.9999995136,29.7698610666797,1.00000000182025,0.67816752830872
52799.9999995122,29.787669263137,1.00000000169889,0.6781661644277
52899.9999995107,29.8035674543511,1.00000000180367,0.686983628123862
52999.9999995092,29.8195891504854,1.00000000171027,0.679995612748454
53099.9999995078,29.8365454739965,1.00000000181158,0.685015693359601
53199.9999995063,29.8534058979625,1.00000000179941,0.67869142905674
53299.9999995049,29.8707717289046,1.00000000178127,0.680856546194734
53399.9999995034,29.8882279228521,1.00000000180262,0.685135847447531
53499.999999502,29.9064829593064,1.00000000175656,0.68117042374607
53599.9999995005,29.9260907817344,1.00000000176292,0.67732891488368
53699.9999994991,29.9469691861722,1.00000000181245,0.670547625933402
53799.9999994976,29.9680758873166,1.0000000018299,0.673195512275453
53899.9999994961,29.9887482068823,1.00000000181085,0.682138823212394
53999.9999994947,30.0082704071522,1.00000000196988,0.688948364901469
54099.9999994932,30.0260415110657,1.00000000179775,0.682976314100501
54199.9999994918,30.0447966634165,1.0000000017498,0.677495962523204
54299.9999994903,30.0644922257477,1.00000000185757,0.688517448909883
54399.9999994889,30.083758934242,1.00000000180837,0.688654768345966
54499.9999994874,30.104018351608,1.00000000174917,0.677250195126147
54599.999999486,30.1274594581648,1.0000000017558,0.668787340754998
54699.9999994845,30.1542109156914,1.00000000180347,0.668663462295272
54799.9999994831,30.1820749973706,1.00000000184627,0.670115468967244
54899.9999994816,30.2114121252959,1.00000000176308,0.669084309181835
54999.9999994801,30.2428651180524,1.0000000017716,0.665790774030896
55099.9999994787,30.2775949447482,1.00000000168385,0.663664437912024
55199.9999994772,30.3150834355947,1.00000000186137,0.668959740994026
55299.9999994758,30.3553673591483,1.00000000184124,0.668050211457692
55399.9999994743,30.3988828866012,1.00000000176269,0.675041213358281
55499.9999994729,30.4441392941114,1.00000000182195,0.679615657297087
55599.9999994714,30.4883294628362,1.00000000197041,0.683420198985936
55699.99999947,30.5307565210348,1.00000000183723,0.676580878801952
55799.9999994685,30.57237992251,1.00000000189422,0.680804017574995
55899.999999467,30.6131314404178,1.00000000182923,0.67552811287015
55999.9999994656,30.6537933944339,1.00000000186663,0.67454884125288
56099.9999994641,30.6942169106697,1.00000000186561,0.678897487839001
56199.9999994627,30.7341016786742,1.00000000181004,0.682140167894741
56299.9999994612,30.7736359823003,1.00000000186663,0.677897054905986
56399.9999994598,30.8138156301471,1.00000000179856,0.670091005292177
56499.9999994583,30.8541724185257,1.00000000178264,0.671996533255009
56599.9999994569,30.8932226293777,1.00000000188029,0.677746932633093
56699.9999994554,30.9336065836554,1.00000000175081,0.668503668189341
56799.9999994539,30.9769058252415,1.00000000171737,0.667523378176544
56899.9999994525,31.0218883754488,1.00000000180516,0.669576493741815
56999.999999451,31.0664514235473,1.00000000181621,0.668673633506851
57099.9999994496,31.1105267158461,1.00000000194048,0.671398666396994
57199.9999994481,31.1544736581274,1.00000000191673,0.670810487369602
57299.9999994467,31.1989922570708,1.00000000188561,0.670867914262486
57399.9999994452,31.2451000135482,1.00000000176386,0.672507400702689
57499.9999994438,31.2930743981552,1.00000000180903,0.664238204839089
57599.9999994423,31.3435265491083,1.00000000186416,0.658082773536091
57699.9999994408,31.3942652397453,1.00000000185669,0.676249841197357
57799.9999994394,31.4430890348975,1.00000000191207,0.684554645802838
57899.9999994379,31.4892823220616,1.0000000019917,0.685838220137206
57999.9999994365,31.5325515456668,1.00000000192476,0.68407253508979
58099.999999435,31.5744956648563,1.00000000182703,0.680037209017916
58199.9999994336,31.6168790827198,1.00000000182646,0.678118205747687
58299.9999994321,31.6599518833977,1.00000000199093,0.677197676847494
58399.9999994307,31.7002262354674,1.00000000185991,0.671146140840564
58499.9999994292,31.7388426597623,1.00000000184894,0.670166571925442
58599.9999994278,31.7765835397808,1.00000000199306,0.671373406342864
58699.9999994263,31.8139167252938,1.00000000184776,0.671669807730369
58799.9999994248,31.8503591837998,1.00000000196619,0.674879214423834
58899.9999994234,31.8816042067054,1.00000000205236,0.678990486884474
58999.9999994219,31.9090183723739,1.00000000192654,0.681955419651303
59099.9999994205,31.9369421457046,1.0000000019398,0.669815112714235
59199.999999419,31.9663109695191,1.00000000183822,0.671723768915518
59299.9999994176,31.9978819093317,1.00000000190005,0.676818730772325
59399.9999994161,32.0299615395984,1.00000000197828,0.680323494170206
59499.9999994147,32.0615150123611,1.00000000178067,0.681326751893892
59599.9999994132,32.0946161062552,1.00000000183305,0.670969534810131
59699.9999994117,32.1304442648394,1.00000000188302,0.664563940377474
59799.9999994103,32.1667521433134,1.00000000188082,0.673481454379105
59899.9999994088,32.2041502286258,1.00000000183403,0.673857768100239
59999.9999994074,32.2420638144202,1.00000000182705,0.676491700743052
60099.9999994059,32.2822862619358,1.00000000184737,0.67767797045045
60199.9999994045,32.3236162921722,1.0000000019825,0.680573766232765
60299.999999403,32.3630516348276,1.00000000183789,0.682007852301816
60399.9999994016,32.4020661573061,1.00000000192721,0.686187194410454
60499.9999994001,32.4413385769423,1.00000000200538,0.684846801238242
60599.9999993986,32.4808807879366,1.00000000188064,0.675180476350333
60699.9999993972,32.521904358219,1.0000000019843,0.673496980202053
60799.9999993957,32.5639168147228,1.00000000182212,0.670335165984479
60899.9999993943,32.606483268603,1.00000000199831,0.673246892377517
60999.9999993928,32.6508969441408,1.00000000189386,0.665364687437036
61099.9999993914,32.6966760286113,1.00000000184448,0.660103261498277
61199.9999993899,32.7437960841251,1.00000000193205,0.668581303769289
61299.9999993885,32.7925214935643,1.00000000189338,0.669658127382446
61399.999999387,32.8419739330528,1.00000000191672,0.664326851459817
61499.9999993856,32.8933396599728,1.00000000192773,0.671010259014813
61599.9999993841,32.9466971197447,1.00000000189485,0.671365203993448
61699.9999993826,33.0004680066169,1.00000000184785,0.679247086769912
61799.9999993812,33.0538195450695,1.00000000204773,0.683543500880688
61899.9999993797,33.1050870971327,1.00000000203476,0.686400829201197
61999.9999993783,33.1539425818717,1.00000000197139,0.690493278424074
62099.9999993768,33.2027284311179,1.00000000187726,0.686185025043158
62199.9999993754,33.2516951194746,1.00000000194364,0.683893682748129
62299.9999993739,33.3026868667847,1.00000000191611,0.681388951268213
62399.9999993725,33.3532624441636,1.00000000201487,0.68505029189382
62499.999999371,33.4000099965461,1.00000000197369,0.686540593677585
62599.9999993695,33.4475951497328,1.00000000200687,0.682247929895263
62699.9999993681,33.4980380000256,1.00000000200024,0.684342236732663
62799.9999993666,33.5491699620954,1.0000000020529,0.688746666802276
62899.9999993652,33.6000312947417,1.00000000205098,0.683777603696423
62999.9999993637,33.6490555350607,1.00000000204523,0.682987293253318
63099.9999993623,33.6970759590247,1.00000000204326,0.677605191978306
63199.9999993608,33.74704166477,1.00000000198863,0.676838716916323
63299.9999993594,33.7992796501606,1.00000000186847,0.679376327535542
63399.9999993579,33.8549271979632,1.00000000185545,0.684239598932317
63499.9999993564,33.9109209600512,1.00000000196822,0.690667301652747
63599.999999355,33.9644741337756,1.00000000198619,0.690348245653163
63699.9999993535,34.0177620501616,1.00000000195728,0.688967121152677
63799.9999993521,34.0708270235839,1.00000000203517,0.692954177395261
63899.9999993506,34.1227791430212,1.00000000202495,0.69362327490794
63999.9999993492,34.1763303218363,1.00000000180712,0.684015653991027
64099.9999993477,34.2326124554359,1.00000000195605,0.684239069154754
64199.9999993463,34.2899086544612,1.00000000203604,0.680658998325323
64299.9999993448,34.3454359366757,1.00000000217725,0.677614155415478
64399.9999993434,34.3969772847417,1.00000000214292,0.673547294390881
64499.9999993419,34.4445944439091,1.0000000020729,0.684357814283008
64599.9999993404,34.4900087602914,1.00000000194008,0.692103128074556
64699.999999339,34.5362075068066,1.00000000196932,0.689789397127679
64799.9999993375,34.5849173350424,1.000000001978,0.682928277912913
64899.9999993361,34.6358461925872,1.00000000193881,0.678981484058968
64999.9999993346,34.6883919750228,1.00000000190781,0.682469698687207
65099.9999993332,34.7423598996753,1.00000000198148,0.6848074092307
65199.9999993317,34.7967749503693,1.00000000202872,0.68874400504931
65299.9999993303,34.8509849129456,1.00000000206681,0.691419771178857
65399.9999993288,34.9027259414983,1.0000000021608,0.690722514376369
65499.9999993273,34.9508464708016,1.00000000204192,0.685586365626492
65599.9999993305,34.9976057922431,1.00000000201963,0.682129056396506
65699.9999993364,35.0448997675324,1.0000000020185,0.676377930785983
65799.9999993422,35.0929010135698,1.00000000195472,0.678982652710515
65899.999999348,35.1413775319334,1.00000000203941,0.685510598744253
65999.9999993538,35.1886356549513,1.00000000212043,0.683924575659143
66099.9999993596,35.2341219074785,1.00000000201274,0.679908499238162
66199.9999993655,35.2804731712108,1.00000000198145,0.672110192366731
66299.9999993713,35.3280210091549,1.00000000194511,0.674307827524548
66399.9999993771,35.3758369354719,1.0000000020411,0.681762211706401
66499.9999993829,35.4230775484072,1.00000000195635,0.685634127566809
66599.9999993887,35.4668813158359,1.00000000211111,0.689652837644624
66699.9999993946,35.5075681834392,1.00000000210174,0.688395602625281
66799.9999994004,35.5470271851693,1.00000000212149,0.690119642116837
66899.9999994062,35.5869059948819,1.00000000200539,0.690102302703224
66999.999999412,35.6279866914006,1.00000000204105,0.6794277086889
67099.9999994179,35.670056615965,1.00000000194698,0.672472792673361
67199.9999994237,35.7140548473349,1.00000000201277,0.673155475840109
67299.9999994295,35.7610658536167,1.00000000194306,0.676904984086085
67399.9999994353,35.8102032722716,1.00000000204358,0.679376870264289
67499.9999994411,35.8595519263331,1.00000000204008,0.682335371771542
67599.999999447,35.9074144258645,1.00000000213652,0.69089075293789
67699.9999994528,35.9548896343344,1.0000000021151,0.693335351911112
67799.9999994586,36.0016605662838,1.00000000214617,0.689361182834131
67899.9999994644,36.0483407572956,1.00000000212087,0.687748861545904
67999.9999994702,36.0964780797952,1.00000000210448,0.690879868448807
68099.9999994761,36.1457737946669,1.00000000200226,0.690008976415289
68199.9999994819,36.1963626673788,1.00000000194744,0.685360161497634
68299.9999994877,36.2493439877475,1.00000000198657,0.678239741881228
68399.9999994935,36.3022319888604,1.00000000203146,0.680183380746464
68499.9999994993,36.3539803580683,1.00000000208193,0.683836459472002
68599.9999995052,36.4059650177747,1.00000000208603,0.685084871732994
68699.999999511,36.4583663633264,1.00000000209515,0.691720438023728
68799.9999995168,36.510728612986,1.00000000210704,0.689706530828963
68899.9999995226,36.5607731321647,1.00000000223958,0.692695461852433
68999.9999995284,36.6071827425945,1.00000000219585,0.688578059889027
69099.9999995343,36.6506951566091,1.00000000207596,0.687101781492003
69199.9999995401,36.6938733269479,1.00000000198093,0.684788051669133
69299.9999995459,36.7381476792137,1.0000000019637,0.6763999435105
69399.9999995517,36.7852970289586,1.00000000195028,0.677496267507821
69499.9999995575,36.8340092432744,1.00000000206277,0.690532498519995
69599.9999995634,36.8821356941032,1.0000000021553,0.690392544516161
69699.9999995692,36.9301269787866,1.00000000212391,0.687402713181177
69799.999999575,36.9796263706833,1.0000000019117,0.682490041114276
69899.9999995808,37.0328641456558,1.00000000207891,0.679643889220226
69999.9999995867,37.0902264414815,1.00000000204869,0.684051769548765
70099.9999995925,37.1482900512657,1.00000000213761,0.68707154163123
70199.9999995983,37.2049104386549,1.00000000218798,0.686482448429698
70299.9999996041,37.257673655105,1.0000000022045,0.687230413678172
70399.9999996099,37.3065907359391,1.00000000217998,0.688992021444538
70499.9999996158,37.3533378937739,1.00000000208428,0.688890487470913
70599.9999996216,37.3994979920398,1.00000000204924,0.684341987732645
70699.9999996274,37.4452272814408,1.00000000221472,0.682718720746067
70799.9999996332,37.4893871439545,1.00000000208523,0.683026235359245
70899.999999639,37.530261950107,1.00000000222018,0.684162166051715
70999.9999996449,37.5698203670832,1.00000000211654,0.683526560892905
71099.9999996507,37.6103083448421,1.00000000212877,0.685929906301846
71199.9999996565,37.6535781849854,1.00000000195563,0.688096930907794
71299.9999996623,37.6989950046241,1.00000000219346,0.691575038412896
71399.9999996681,37.7434085205919,1.00000000214219,0.691775234308519
71499.999999674,37.7853437473348,1.00000000215761,0.69210729390042
71599.9999996798,37.8273214247818,1.00000000202357,0.682718609717015
71699.9999996856,37.8719690753015,1.00000000207108,0.677126322008696
71799.9999996914,37.9184912848727,1.00000000209803,0.683036878868403
71899.9999996972,37.9644662642869,1.00000000213559,0.691505398888921
71999.9999997031,38.0088297173637,1.0000000021131,0.690106900196782
72099.9999997089,38.0518109904751,1.00000000219572,0.68808920922507
72199.9999997147,38.0937866262216,1.00000000204738,0.687063949119382
72299.9999997205,38.1365705704983,1.00000000212037,0.685150719418258
72399.9999997264,38.1811141435892,1.00000000210292,0.68448614014359
72499.9999997322,38.2253188943076,1.00000000220996,0.68235975542407
72599.999999738,38.2686974162161,1.00000000206617,0.683132456314276
72699.9999997438,38.3111579717957,1.00000000210143,0.691807510830163
72799.9999997496,38.3507371752369,1.00000000218566,0.691128017950225
72899.9999997555,38.3882871326214,1.00000000207798,0.682423554178028
72999.9999997613,38.4284950404306,1.00000000200331,0.676480775602865
73099.9999997671,38.4728114183753,1.00000000198,0.676674774050029
73199.9999997729,38.5181302657558,1.00000000206726,0.686283640103996
73299.9999997787,38.5603258582404,1.00000000213116,0.697568897655721
73399.9999997846,38.5973606490316,1.00000000230566,0.69402620014506
73499.9999997904,38.6308027479612,1.00000000216075,0.69047397813868
73599.9999997962,38.6633498960753,1.00000000213829,0.676557424019513
73699.999999802,38.6974842903546,1.00000000195466,0.670102845787133
73799.9999998078,38.7330266662796,1.00000000211634,0.683031820367515
73899.9999998137,38.7680074883864,1.00000000206573,0.683757552795592
73999.9999998195,38.8030952447877,1.00000000201688,0.683430416901609
74099.9999998253,38.8372648898355,1.00000000219366,0.687298963657293
74199.9999998311,38.8710659020598,1.00000000215274,0.683639039130885
74299.9999998369,38.9052440594717,1.00000000212666,0.685488521011583
74399.9999998428,38.9392137226161,1.00000000221833,0.687965903161251
74499.9999998486,38.9729857060018,1.00000000221753,0.686739675280882
74599.9999998544,39.0058555695421,1.00000000213983,0.686400999408366
74699.9999998602,39.0359448123585,1.0000000021661,0.689832700021775
74799.999999866,39.0645594170624,1.00000000216804,0.685924095691822
74899.9999998719,39.0922749157283,1.00000000223355,0.680063573285391
74999.9999998777,39.1207244807384,1.00000000213874,0.681841060278544
75099.9999998835,39.1486463180439,1.00000000210222,0.683074308243749
75199.9999998893,39.1756753852188,1.0000000022777,0.68184732054522
75299.9999998952,39.2017032105457,1.00000000202864,0.674768584102007
75399.999999901,39.2270662917718,1.00000000222049,0.681289759285542
75499.9999999068,39.2505453441651,1.0000000021139,0.684433637463617
75599.9999999126,39.2733286220976,1.00000000217196,0.683426529718014
75699.9999999184,39.2962099121152,1.00000000212319,0.682466846785026
75799.9999999243,39.3174005078807,1.00000000235801,0.685519808071377
75899.9999999301,39.3361249034749,1.00000000211382,0.683571266714665
75999.9999999359,39.3538081063289,1.00000000216607,0.686209891237357
76099.9999999417,39.371956139928,1.00000000215555,0.685653505699737
76199.9999999475,39.3897421473424,1.00000000215853,0.686603736121172
76299.9999999534,39.4072098639451,1.00000000224238,0.684267073072776
76399.9999999592,39.4249996792577,1.00000000209438,0.678960249604825
76499.999999965,39.4424774316899,1.00000000228319,0.680660841281387
76599.9999999708,39.4583201859933,1.00000000220821,0.695572119760276
76699.9999999766,39.4724549835836,1.00000000223768,0.698715251304021
76799.9999999825,39.4861762099764,1.00000000209516,0.696063789346213
76899.9999999883,39.500432411919,1.00000000218299,0.693398769879084
76999.9999999941,39.514415962333,1.00000000208433,0.697994605341334
77099.9999999999,39.5282154479642,1.00000000218638,0.699275478647334
77200.0000000057,39.5415681911849,1.00000000215847,0.695765057706159
77300.0000000116,39.5533513927721,1.00000000216478,0.697998282372238
77400.0000000174,39.5627645871947,1.00000000224017,0.69477457562832
77500.0000000232,39.5708902229247,1.00000000226297,0.695295476466697
77600.000000029,39.5775226255345,1.00000000210951,0.694200805214266
77700.0000000349,39.5823007276443,1.00000000227248,0.692712065951153
77800.0000000407,39.5857515888725,1.00000000230117,0.684093048667877
77900.0000000465,39.5889703154463,1.00000000217435,0.686966762572536
78000.0000000523,39.5922959997367,1.00000000232293,0.698170368567575
78100.0000000581,39.5931473613385,1.00000000238223,0.703924037875746
78200.000000064,39.5913116840492,1.00000000219643,0.702006752969533
78300.0000000698,39.5885367010005,1.00000000220702,0.691603435046083
78400.0000000756,39.5852158186639,1.0000000021775,0.68691582103236
78500.0000000814,39.5800553970268,1.00000000227295,0.688509877095565
78600.0000000872,39.57285265196,1.00000000229123,0.693369029694952
78700.0000000931,39.5641269814058,1.00000000239825,0.700067569118914
78800.0000000989,39.5542677417912,1.00000000230431,0.699595524194944
78900.0000001047,39.5427826037881,1.00000000229033,0.694325483097502
79000.0000001105,39.5301054306334,1.00000000235876,0.689648629603149
79100.0000001163,39.5164807801574,1.00000000228988,0.693186113009661
79200.0000001222,39.5021642618378,1.00000000226968,0.696460986126701
79300.000000128,39.4860517845156,1.00000000225087,0.695634736211766
79400.0000001338,39.4694077887281,1.0000000023284,0.69126877051665
79500.0000001396,39.4536909939371,1.00000000221463,0.689578939753079
79600.0000001454,39.4386505382127,1.00000000226549,0.691556493243156
79700.0000001513,39.4230020842715,1.0000000022308,0.690462794133594
79800.0000001571,39.4070997205894,1.0000000022442,0.687271007122528
79900.0000001629,39.3925676504176,1.0000000022612,0.682320950753005
80000.0000001687,39.3792437993518,1.00000000213351,0.677799667973465
80100.0000001746,39.3658915677865,1.00000000215067,0.680902079280918
80200.0000001804,39.353357702499,1.00000000213161,0.68472075101255
80300.0000001862,39.3429676367432,1.00000000224735,0.689466819928805
80400.000000192,39.3347631087194,1.00000000207339,0.686350654935925
80500.0000001978,39.3277981420798,1.00000000224591,0.685288844549641
80600.0000002037,39.3229418046195,1.00000000211216,0.688520799979444
80700.0000002095,39.3225317106695,1.00000000211402,0.687475415398406
80800.0000002153,39.3259022013831,1.00000000210307,0.687475095662388
80900.0000002211,39.3302879578372,1.00000000216985,0.689467373079566
81000.0000002269,39.3365382256007,1.00000000205832,0.686957546055191
81100.0000002328,39.3474856503091,1.00000000220476,0.682126528987874
81200.0000002386,39.3625619330662,1.00000000200952,0.682293937528502
81300.0000002444,39.3796858359431,1.00000000204296,0.684124081700475
81400.0000002502,39.3989277191725,1.00000000227309,0.685726316813432
81500.000000256,39.4229374779688,1.00000000219949,0.686281960831325
81600.0000002619,39.4508061542504,1.00000000230672,0.684718671739047
81700.0000002677,39.4792894154195,1.00000000219583,0.688113294203939
81800.0000002735,39.509286556863,1.00000000221712,0.687357951058287
81900.0000002793,39.5448100214984,1.00000000221016,0.693007513745545
82000.0000002851,39.5848903036394,1.00000000219007,0.689641399866859
82100.000000291,39.6271827169273,1.00000000223989,0.687875374456321
82200.0000002968,39.671884130459,1.00000000233525,0.685363438158189
82300.0000003026,39.7212842792821,1.00000000228621,0.685384481904495
82400.0000003084,39.7752037159261,1.00000000226679,0.685734426746535
82500.0000003142,39.829720000218,1.00000000221716,0.685192057178948
82600.0000003201,39.8854657133891,1.00000000224644,0.687630272608273
82700.0000003259,39.9465983288369,1.00000000223962,0.686262643334373
82800.0000003317,40.0143701164433,1.00000000231592,0.686997201038488
82900.0000003375,40.0862416651667,1.00000000230501,0.68716177174971
83000.0000003434,40.1599266556994,1.00000000217928,0.682397724649331
83100.0000003492,40.2381341620745,1.00000000220599,0.681567260996902
83200.000000355,40.3234275829146,1.0000000023073,0.681985285094789
83300.0000003608,40.4130842553725,1.0000000022452,0.679112288112764
83400.0000003666,40.5049447423149,1.0000000023507,0.678516180010916
83500.0000003725,40.6023923823761,1.0000000023086,0.677442016411165
83600.0000003783,40.7078698342984,1.00000000217836,0.679868660177532
83700.0000003841,40.8202101001922,1.00000000230523,0.677232233184137
83800.0000003899,40.937292741693,1.00000000215528,0.67824075472313
83900.0000003957,41.0589965021496,1.00000000227296,0.67820517097611
84000.0000004016,41.1891610827245,1.00000000227811,0.673720642983053
84100.0000004074,41.3275212775726,1.00000000242107,0.673608072315823
84200.0000004132,41.4695505156766,1.00000000223242,0.67543744038114
84300.000000419,41.6170909714653,1.00000000223976,0.668160667976534
84400.0000004248,41.7721601112515,1.00000000218762,0.667126420511158
84500.0000004307,41.9312989512533,1.00000000236339,0.667863792525743
84600.0000004365,42.0929309577554,1.00000000233957,0.661737467779425
84700.0000004423,42.2587217340405,1.00000000232791,0.661102988385301
84800.0000004481,42.4285285708289,1.00000000230421,0.66832621410903
84900.0000004539,42.6006156750157,1.00000000240138,0.664758237975535
85000.0000004598,42.7736117495717,1.00000000235314,0.658339263466805
85100.0000004656,42.9493109852439,1.00000000243567,0.660151078501666
85200.0000004714,43.1291152129115,1.00000000233458,0.662968754840889
85300.0000004772,43.3113867056719,1.00000000235686,0.660617531409934
85400.0000004831,43.4933106720308,1.00000000240571,0.657010284331804
85500.0000004889,43.6764814610981,1.00000000239253,0.655909136804739
85600.0000004947,43.8653334390316,1.00000000226717,0.652061861479048
85700.0000005005,44.0590042968523,1.00000000232455,0.657616413801398
85800.0000005063,44.2503597581296,1.00000000245835,0.655694829317629
85900.0000005122,44.4395454661564,1.0000000022731,0.653943803083773
86000.000000518,44.6338560552173,1.00000000242621,0.650853713739471
86100.0000005238,44.8322811500397,1.00000000240711,0.647369873241246
86200.0000005296,45.0301452350653,1.00000000241484,0.646215680439308
86300.0000005354,45.2265667253301,1.00000000244232,0.646455313351207
86400.0000005413,45.4264280146981,1.00000000239815,0.646767832777245
86500.0000005471,45.6328312940291,1.00000000237882,0.648158861931935
86600.0000005529,45.845268656228,1.00000000233867,0.642921895625035
86700.0000005587,46.0589657624877,1.00000000230947,0.643244080782447
86800.0000005645,46.2729465523684,1.00000000229858,0.638593372339369
86900.0000005704,46.4919590497184,1.00000000226106,0.635923605639704
87000.0000005762,46.71929980206,1.00000000225521,0.634135796100333
87100.000000582,46.9496241180369,1.00000000234315,0.636171994776839
87200.0000005878,47.178559345144,1.00000000238204,0.637545849218265
87300.0000005936,47.4100879187647,1.00000000236934,0.633822878539311
87400.0000005995,47.6501615526263,1.00000000234149,0.630652744338331
87500.0000006053,47.8978972850991,1.00000000246498,0.636580777348301
87600.0000006111,48.1443006822801,1.0000000024896,0.636966812660785
87700.0000006169,48.3880102624929,1.00000000242967,0.638366391984152
87800.0000006227,48.6355940932789,1.00000000230067,0.635127983859343
87900.0000006286,48.8927119979049,1.00000000240713,0.634134080769418
88000.0000006344,49.1543894581998,1.00000000243499,0.636910360307812
88100.0000006402,49.4143135103256,1.0000000024041,0.633135971877689
88200.000000646,49.6746659897719,1.00000000242397,0.639717372249484
88300.0000006519,49.9417815944435,1.00000000235384,0.63380600775169
88400.0000006577,50.2164624962227,1.00000000250968,0.636460705426709
88500.0000006635,50.4916045225542,1.00000000244606,0.638289368261273
88600.0000006693,50.7637527650106,1.0000000024847,0.641103807966063
88700.0000006751,51.0342776828524,1.000000002418,0.635571779227146
88800.000000681,51.3091507269636,1.00000000246114,0.633496091693934
88900.0000006868,51.5898174049434,1.00000000238615,0.640958588179924
89000.0000006926,51.8706065891111,1.00000000226259,0.642992793633022
89100.0000006984,52.1510095738228,1.00000000233626,0.646509999637058
89200.0000007042,52.4335955567339,1.00000000235704,0.639621344719013
89300.0000007101,52.7225380224471,1.00000000253608,0.640678504093461
89400.0000007159,53.0146365224709,1.0000000024411,0.645959353687078
89500.0000007217,53.3041231421109,1.00000000235649,0.645482195759197
89600.0000007275,53.5914842685488,1.00000000236419,0.649233550154053
89700.0000007333,53.8802356476235,1.00000000255321,0.648149235716022
89800.0000007392,54.1708043338291,1.00000000246984,0.649103062086327
89900.000000745,54.4568218178082,1.00000000250407,0.647965136245384
90000.0000007508,54.7357562726674,1.0000000024186,0.650977356558056
90100.0000007566,55.0117168662844,1.00000000237943,0.656796342681945
90200.0000007624,55.2915007831287,1.0000000023772,0.660382042082261
90300.0000007683,55.5769555189416,1.0000000023716,0.660567147797103
90400.0000007741,55.8604312763824,1.00000000252617,0.661343933489306
90500.0000007799,56.138508578874,1.00000000255723,0.660117617549217
90600.0000007857,56.4140203138603,1.0000000025082,0.666394808609986
90700.0000007916,56.6941510603335,1.00000000243945,0.667784772415931
90800.0000007974,56.9746647381158,1.00000000247966,0.670450124768571
90900.0000008032,57.2479920681622,1.00000000248358,0.66168711456813
91000.000000809,57.5172797196842,1.0000000023579,0.664136883109022
91100.0000008148,57.7879871616406,1.00000000245648,0.666872981944873
91200.0000008207,58.0618874586927,1.00000000244591,0.67120078569233
91300.0000008265,58.3336201563486,1.00000000230048,0.670869910239543
91400.0000008323,58.6020640072627,1.00000000244979,0.674118950658271
91500.0000008381,58.86913663709,1.00000000258682,0.670951153878919
91600.0000008439,59.1394522633882,1.00000000256993,0.669088075504266
91700.0000008498,59.4130624208979,1.00000000243328,0.672489887026153
91800.0000008556,59.6815595262753,1.00000000249623,0.67297395673727
91900.0000008614,59.9453324372091,1.00000000248386,0.667993271891865
92000.0000008672,60.2084912878227,1.00000000247929,0.67203005551586
92100.000000873,60.476367441163,1.00000000249546,0.672026184766756
92200.0000008789,60.744553090985,1.00000000250084,0.671632217150382
92300.0000008847,61.0070527593528,1.00000000256505,0.672737102384087
92400.0000008905,61.2657736715822,1.00000000254122,0.680091719634139
92500.0000008963,61.5267700829865,1.00000000247584,0.68082627449721
92600.0000009021,61.795149000428,1.00000000233774,0.680992241427311
92700.000000908,62.0676935735279,1.00000000235127,0.67914310532444
92800.0000009138,62.341442820933,1.0000000023061,0.676303775079064
92900.0000009196,62.6161066343592,1.00000000257701,0.683105482349721
93000.0000009254,62.8916661136526,1.00000000265621,0.683039353208029
93100.0000009312,63.1671518807415,1.00000000255231,0.682414672950895
93200.0000009371,63.4383261999366,1.00000000247753,0.688143143739273
93300.0000009429,63.7050361606656,1.00000000239957,0.690799029951268
93400.0000009487,63.9724912769945,1.00000000240745,0.680997952493494
93500.0000009545,64.2468708694598,1.000000002393,0.685328116002727
93600.0000009604,64.5244977903201,1.00000000260184,0.687447524345464
93700.0000009662,64.7983987262431,1.00000000242645,0.683946367700391
93800.000000972,65.0671796213424,1.00000000258477,0.685555832476253
93900.0000009778,65.3354899295412,1.00000000246951,0.684297345710365
94000.0000009836,65.6074645384272,1.00000000248743,0.689207058974716
94100.0000009895,65.8799843222983,1.00000000243142,0.688330944899338
94200.0000009953,66.151706801707,1.00000000236221,0.678803298848345
94300.0000010011,66.425253225426,1.0000000024818,0.684038418643669
94400.0000010069,66.7020669517748,1.00000000240815,0.688429043925693
94500.0000010127,66.980530293732,1.00000000244418,0.691417500837187
94600.0000010186,67.2555330597639,1.00000000246659,0.694189896298142
94700.0000010244,67.5238460199246,1.0000000025379,0.691656985099859
94800.0000010302,67.7904008765553,1.00000000242424,0.684801244164745
94900.000001036,68.0633017580108,1.0000000023927,0.68452389102649
95000.0000010418,68.3407449471049,1.00000000254652,0.691392457153623
95100.0000010477,68.616211927399,1.00000000236473,0.694372239507718
95200.0000010535,68.8884000609329,1.00000000253832,0.695412801097219
95300.0000010593,69.1611655002997,1.00000000261366,0.701832724426082
95400.0000010651,69.436489949669,1.00000000250108,0.698773774470324
95500.0000010709,69.709769688295,1.00000000249625,0.697436119064544
95600.0000010768,69.9781557569237,1.0000000024058,0.697367809497549
95700.0000010826,70.2439890923797,1.00000000252256,0.696033619795677
95800.0000010884,70.5114702885093,1.0000000024813,0.694791305548958
95900.0000010942,70.7811464367944,1.00000000242953,0.691460326016177
96000.0000011001,71.0478324146557,1.00000000248147,0.693215898676556
96100.0000011059,71.3092548538498,1.00000000257933,0.69436142746802
96200.0000011117,71.5682526047849,1.00000000255629,0.691730459542601
96300.0000011175,71.8264434716682,1.00000000245996,0.692371233762349
96400.0000011233,72.0840038735013,1.00000000251636,0.690152469610498
96500.0000011292,72.338181811011,1.00000000258641,0.688656121979587
96600.000001135,72.5886838856945,1.00000000252563,0.696409412756578
96700.0000011408,72.8386244977609,1.00000000260688,0.699724139596997
96800.0000011466,73.0903068060488,1.00000000269858,0.698761831762174
96900.0000011524,73.3428426023834,1.00000000256475,0.70400075374627
97000.0000011583,73.5921965429772,1.00000000234669,0.704967283725298
97100.0000011641,73.8403752553416,1.00000000262619,0.703190301975555
97200.0000011699,74.0909086757501,1.00000000253291,0.701149128353137
97300.0000011757,74.347322485657,1.0000000023726,0.698408561529028
97400.0000011815,74.6074621946876,1.00000000233273,0.700316015467559
97500.0000011874,74.8688639041354,1.00000000261591,0.702809975908247
97600.0000011932,75.1309592198117,1.00000000257106,0.701130267516685
97700.000001199,75.3943180794117,1.00000000241935,0.698160597756502
97800.0000012048,75.6584101385175,1.00000000262644,0.696561466444528
97900.0000012106,75.9204781130629,1.00000000251451,0.699351194972019
98000.0000012165,76.1803898712861,1.00000000264315,0.706126058137629
98100.0000012223,76.4385800094983,1.00000000247521,0.694703554671486
98200.0000012281,76.6998963632829,1.00000000248106,0.693047596919454
98300.0000012339,76.9629467449813,1.00000000256287,0.698913550780627
98400.0000012398,77.2236455981611,1.00000000268127,0.693712237963913
98500.0000012456,77.480138313459,1.00000000253951,0.689152638019036
98600.0000012514,77.7345903669596,1.00000000252652,0.690526626329114
98700.0000012572,77.989085570027,1.00000000252693,0.695683682358549
98800.000001263,78.2424287897777,1.00000000234552,0.701853604492546
98900.0000012689,78.4940471880221,1.00000000239678,0.694707113382857
99000.0000012747,78.7458196415004,1.00000000260249,0.700009672573416
99100.0000012805,78.9978445815774,1.00000000260746,0.70865389076055
99200.0000012863,79.2508286073322,1.000000002582,0.70848196527948
99300.0000012921,79.5049756320865,1.00000000264798,0.70575341164746
99400.000001298,79.7610665476093,1.0000000024635,0.704215052154003
99500.0000013038,80.0201827652658,1.00000000259379,0.702287037220071
99600.0000013096,80.2821519786921,1.00000000270304,0.696370769017962
99700.0000013154,80.5460627985655,1.0000000025091,0.69728247344287
99800.0000013212,80.8072990765194,1.00000000266174,0.701621444460059
99900.0000013271,81.0666628719056,1.00000000255597,0.704079730302149
100000.000001333,81.3251895705997,1.00000000268642,0.699789077394856
100100.000001339,81.5819649881453,1.00000000273197,0.706933750826928
100200.000001345,81.8338950004074,1.00000000277593,0.708934536903377
100300.00000135,82.0821721970183,1.00000000247247,0.706000625079204
100400.000001356,82.3303694947872,1.00000000256177,0.708054026869555
100500.000001362,82.5806092514368,1.00000000251354,0.706879510881458
100600.000001368,82.8331341746053,1.0000000027099,0.704697457202424
100700.000001374,83.0859673542521,1.00000000271162,0.703275603090878
100800.000001379,83.3392549027844,1.00000000256435,0.709006075365578
100900.000001385,83.593795359546,1.00000000266372,0.702254295608605
101000.000001391,83.8510123276717,1.00000000255264,0.698195936243366
101100.000001397,84.1111328488021,1.00000000262204,0.69992430031713
101200.000001403,84.3715353445423,1.0000000024934,0.701496245691626
101300.000001409,84.631403190484,1.00000000262957,0.705267828870251
101400.000001414,84.8941383512541,1.00000000249795,0.704391300743319
101500.00000142,85.1619578259917,1.0000000026131,0.701501601442512
101600.000001426,85.4317639677719,1.00000000256275,0.698179920948405
101700.000001432,85.7008614086892,1.00000000262496,0.69991451613588
101800.000001438,85.9697118585007,1.00000000262506,0.702189273877927
101900.000001443,86.2380792886956,1.00000000258965,0.69547697958254
102000.000001449,86.5071894346435,1.00000000265299,0.696902921582372
102100.000001455,86.7733411297697,1.00000000268631,0.707317799430985
102200.000001461,87.0342180946392,1.00000000265381,0.708651996379813
102300.000001467,87.2919084459895,1.00000000257742,0.70345760271441
102400.000001473,87.5483942358552,1.00000000264666,0.69172295492067
102500.000001478,87.8073462140893,1.00000000257648,0.694548294952683
102600.000001484,88.0686730370726,1.00000000257504,0.699069891473353
102700.00000149,88.330109857105,1.00000000262807,0.70138458371835
102800.000001496,88.5906832697426,1.00000000264197,0.70456989083092
102900.000001502,88.8489843673128,1.00000000275606,0.704595108825265
103000.000001508,89.1042622477518,1.0000000026203,0.703097581694574
103100.000001513,89.3586624457815,1.00000000269065,0.700430804838354
103200.000001519,89.6145752072575,1.00000000258775,0.698463409774981
103300.000001525,89.8712559805574,1.00000000257152,0.701798732756798
103400.000001531,90.1274045795813,1.00000000267279,0.703550797437071
103500.000001537,90.3823219306836,1.00000000252099,0.700787095682189
103600.000001542,90.6355231476076,1.00000000271245,0.695236056744089
103700.000001548,90.8886914860572,1.00000000260353,0.69714469503032
103800.000001554,91.1412277800516,1.00000000267963,0.700395100131986
103900.00000156,91.3951514496677,1.00000000273028,0.706823964494643
104000.000001566,91.6494524107398,1.00000000284637,0.71187794933996
104100.000001572,91.9015805528319,1.00000000263613,0.707967445201767
104200.000001577,92.1533321813478,1.0000000026121,0.700681818349848
104300.000001583,92.4072568220724,1.00000000251073,0.694775098649743
104400.000001589,92.6651380942818,1.00000000265578,0.691123115806339
104500.000001595,92.9273154574127,1.00000000261475,0.693013411294412
104600.000001601,93.1927661571243,1.00000000253428,0.698992371492394
104700.000001606,93.461582129194,1.00000000249387,0.699155953962904
104800.000001612,93.7360686583033,1.00000000254186,0.700647842835502
104900.000001618,94.0146284012419,1.00000000259853,0.698164432897642
105000.000001624,94.2952862311828,1.00000000263282,0.700636680004597
105100.00000163,94.5776118880245,1.00000000263709,0.698970010386599
105200.000001636,94.8629975153488,1.00000000252776,0.696752751059578
105300.000001641,95.1517824199423,1.00000000265336,0.698528193031023
105400.000001647,95.4407518976107,1.00000000282773,0.699192657444243
105500.000001653,95.7274994236997,1.0000000027922,0.697555506162476
105600.000001659,96.0124903760881,1.00000000274571,0.700285353434133
105700.000001665,96.2961117631622,1.00000000270366,0.696301902379593
105800.00000167,96.5794766770658,1.00000000275488,0.696656460597904
105900.000001676,96.8624391703953,1.00000000276156,0.701775598999958
106000.000001682,97.143293274245,1.00000000283856,0.699565712679198
106100.000001688,97.4215490186068,1.00000000271168,0.698995413317022
106200.000001694,97.6983611181484,1.0000000028214,0.701628882721341
106300.0000017,97.9764360768781,1.00000000260356,0.696002615866437
106400.000001705,98.2561719025953,1.00000000267212,0.697862462833856
106500.000001711,98.5394039955932,1.00000000262639,0.699337200118244
106600.000001717,98.8272766799772,1.00000000272109,0.698946214267273
106700.000001723,99.1186158287224,1.00000000272868,0.699644942068614
106800.000001729,99.410144494552,1.00000000280098,0.703148352923608
106900.000001735,99.701490210582,1.00000000261822,0.70561041206194
107000.00000174,99.9927599502489,1.00000000259856,0.704299875460331
107100.000001746,100.282687489852,1.00000000270069,0.701806857140477
107200.000001752,100.571654883715,1.00000000293947,0.706554389085152
107300.000001758,100.85889275791,1.00000000268685,0.703212037353454
107400.000001764,101.145177526195,1.00000000283885,0.703282353417099
107500.000001769,101.43216117341,1.00000000279041,0.697790348096215
107600.000001775,101.721936533744,1.00000000261328,0.689530026364637
107700.000001781,102.01768490175,1.00000000257199,0.687311672588383
107800.000001787,102.318243161322,1.00000000255478,0.693276532219806
107900.000001793,102.619941958389,1.00000000279596,0.700777487553956
108000.000001799,102.920440527072,1.00000000286589,0.702886912014284
108100.000001804,103.218904860266,1.00000000287019,0.707957562267744
108200.00000181,103.5166708325,1.00000000271615,0.710154113521173
108300.000001816,103.81481767028,1.00000000262768,0.703260946471547
108400.000001822,104.114046072705,1.00000000266218,0.697357206457832
108500.000001828,104.416054329295,1.00000000268366,0.701258759275346
108600.000001833,104.718973189326,1.00000000266215,0.703907635316866
108700.000001839,105.020468580593,1.00000000282781,0.704807520192164
108800.000001845,105.321271819291,1.00000000271457,0.702865226586872
108900.000001851,105.623304851006,1.00000000277881,0.699601568887604
109000.000001857,105.9289384825,1.00000000273527,0.69726998808766
109100.000001863,106.239155483291,1.00000000273414,0.697376842327382
109200.000001868,106.55150897311,1.00000000272091,0.702827903334666
109300.000001874,106.8630971998,1.00000000265925,0.702321707347017
109400.00000188,107.173822116007,1.00000000277434,0.699681994203265
109500.000001886,107.484160212084,1.00000000261617,0.70128192935447
109600.000001892,107.791717509296,1.0000000029383,0.704621412069753
109700.000001897,108.096510685391,1.00000000298045,0.706241712176182
109800.000001903,108.397816837693,1.00000000281817,0.700662357688683
109900.000001909,108.698431439535,1.00000000279925,0.706214959399951
110000.000001915,108.999117407071,1.00000000274495,0.706879216505711
110100.000001921,109.302147590274,1.00000000270319,0.704330002393558
110200.000001927,109.607304270592,1.00000000267514,0.706825351057909
110300.000001932,109.910866817295,1.00000000270803,0.705565017536159
110400.000001938,110.214764573561,1.00000000273953,0.703364854682256
110500.000001944,110.522599941703,1.0000000027101,0.701811792791167
110600.00000195,110.833391533071,1.00000000277013,0.706679865353429
110700.000001956,111.145456879126,1.00000000266754,0.706674032046222
110800.000001962,111.458760708598,1.00000000288286,0.701124332441388
110900.000001967,111.773735114204,1.00000000283113,0.699904322345818
111000.000001973,112.09039771338,1.00000000279307,0.701751818011362
111100.000001979,112.409505347086,1.00000000264328,0.702087859361058
111200.000001985,112.731152944738,1.00000000276692,0.700414519600528
111300.000001991,113.057414542115,1.00000000275602,0.700382280971889
111400.000001996,113.388738465766,1.00000000276658,0.703949269598099
111500.000002002,113.723834884527,1.00000000281334,0.709205210296019
111600.000002008,114.060589650857,1.00000000275503,0.707071552072995
111700.000002014,114.397211176915,1.00000000267008,0.703675472962182
111800.00000202,114.73475831376,1.00000000273903,0.701980756346082
111900.000002026,115.07105417476,1.00000000294943,0.698612863343325
112000.000002031,115.406162133284,1.00000000286481,0.694696431823513
112100.000002037,115.740373764945,1.00000000286635,0.704830051121613
112200.000002043,116.075191914123,1.00000000264994,0.700850473956184
112300.000002049,116.413363180859,1.00000000282704,0.697570716973728
112400.000002055,116.752116194211,1.00000000278671,0.702125493109145
112500.00000206,117.091764430158,1.00000000283869,0.703973698942466
112600.000002066,117.431436798278,1.00000000295744,0.703653179425701
112700.000002072,117.76960911758,1.00000000281254,0.708354321737826
112800.000002078,118.104748864545,1.00000000296062,0.710228346908252
112900.000002084,118.437243619911,1.00000000284495,0.708870728192199
113000.00000209,118.769402776402,1.00000000288119,0.708302467090991
113100.000002095,119.101118454637,1.00000000287954,0.706008388116202
113200.000002101,119.435540701583,1.00000000283737,0.695257029836539
113300.000002107,119.773984437555,1.00000000269784,0.693254321484178
113400.000002113,120.115251081048,1.00000000286049,0.701692193300756
113500.000002119,120.455927683714,1.00000000278746,0.704193941859757
113600.000002125,120.795368298228,1.00000000296118,0.703539921711501
113700.00000213,121.133176344342,1.00000000271527,0.704355447290801
113800.000002136,121.470626609897,1.0000000028062,0.705557475796335
113900.000002142,121.808046545415,1.00000000288564,0.706173293428819
114000.000002148,122.146452367129,1.00000000278945,0.706578271250362
114100.000002154,122.484776040617,1.00000000276095,0.709009275606707
114200.000002159,122.823802891549,1.00000000285412,0.707997525781739
114300.000002165,123.162334959379,1.00000000284346,0.706634101781343
114400.000002171,123.501711995778,1.00000000271876,0.70426959351353
114500.000002177,123.842478357001,1.00000000292924,0.702583026840623
114600.000002183,124.187103599962,1.00000000277794,0.699818047148251
114700.000002189,124.537716093669,1.00000000262345,0.694635075623722
114800.000002194,124.894078923235,1.00000000285789,0.693555378504779
114900.0000022,125.255949815564,1.00000000301331,0.691852157746962
115000.000002206,125.622284257461,1.00000000283472,0.697937684795873
115100.000002212,125.989862886071,1.0000000029239,0.7008711253938
115200.000002218,126.35949278677,1.00000000286244,0.700023811402471
115300.000002223,126.729170407683,1.00000000291323,0.70614065293214
115400.000002229,127.097769503948,1.00000000298735,0.700867399519796
115500.000002235,127.462707565018,1.00000000297214,0.705193616343445
115600.000002241,127.825911150031,1.0000000027785,0.709596622375126
115700.000002247,128.189032059826,1.00000000299171,0.706528052611174
115800.000002253,128.552513877078,1.00000000280933,0.699402255394602
115900.000002258,128.915945634235,1.00000000278281,0.69946070807106
116000.000002264,129.278745373275,1.00000000284336,0.707081667336175
116100.00000227,129.642760934268,1.000000002975,0.703861131852508
116200.000002276,130.009150553511,1.00000000290411,0.704260181204701
116300.000002282,130.378973330382,1.00000000287131,0.704799219034975
116400.000002287,130.753014066891,1.00000000280051,0.702163256530183
116500.000002293,131.129055480982,1.00000000288452,0.706605076162168
116600.000002299,131.505980526991,1.00000000295427,0.709464926719712
116700.000002305,131.880598668682,1.00000000294783,0.705943451956608
116800.000002311,132.254603421082,1.00000000299023,0.705424518429223
116900.000002317,132.625261825399,1.00000000307585,0.709850740012525
117000.000002322,132.991699746182,1.00000000306723,0.710753788632803
117100.000002328,133.354057508658,1.00000000303012,0.70620776597226
117200.000002334,133.715424678356,1.00000000297198,0.70483888079966
117300.00000234,134.079981501299,1.00000000279731,0.703529779423645
117400.000002346,134.448582083317,1.00000000275372,0.704527539017627
117500.000002352,134.820660974205,1.00000000289709,0.706071490203177
117600.000002357,135.193245178908,1.00000000291885,0.7043546601097
117700.000002363,135.565397904834,1.00000000293659,0.703687208492937
117800.000002369,135.936397433725,1.00000000283546,0.704732733401479
117900.000002375,136.307285745999,1.00000000284581,0.708587952372713
118000.000002381,136.678424503806,1.0000000028796,0.709458578448335
118100.000002386,137.047754129864,1.00000000302653,0.710635719992094
118200.000002392,137.417444176913,1.00000000292351,0.70333232548883
118300.000002398,137.787258032103,1.00000000307156,0.705669732251184
118400.000002404,138.154138140051,1.00000000297803,0.710000466463617
118500.00000241,138.517213665823,1.00000000294722,0.713803058850923
118600.000002416,138.875724020238,1.00000000304846,0.708714368065899
118700.000002421,139.232314410924,1.00000000303578,0.704107964242822
118800.000002427,139.587574090419,1.00000000293489,0.70730266890105
118900.000002433,139.941441866889,1.00000000282913,0.706232877648708
119000.000002439,140.294804392683,1.00000000284683,0.697877753408947
119100.000002445,140.649134075808,1.00000000300118,0.695518934965455
119200.00000245,141.005537949136,1.0000000029075,0.700190740944438
119300.000002456,141.363495456635,1.00000000302007,0.695050057889755
119400.000002462,141.724322720555,1.00000000292968,0.697506039452891
119500.000002468,142.089230166576,1.0000000027648,0.694642004088056
119600.000002474,142.458964027013,1.00000000275826,0.698009592535238
119700.00000248,142.832551564878,1.0000000027989,0.701704074758041
119800.000002485,143.210449603564,1.00000000285359,0.705070293329188
119900.000002491,143.590210070305,1.00000000308151,0.705384978901883
120000.000002497,143.973616823881,1.000000002876,0.705729781058458
120100.000002503,144.359780016574,1.00000000308164,0.708492972004348
120200.000002509,144.749755292087,1.00000000288814,0.709443158407507
120300.000002514,145.141319152107,1.00000000303286,0.709995914110721
120400.00000252,145.534235151936,1.00000000303047,0.711816886206438
120500.000002526,145.925217375541,1.00000000308458,0.711920719300225
120600.000002532,146.31411285985,1.00000000305053,0.708525959397386
120700.000002538,146.69798329929,1.00000000308985,0.706775747660434
120800.000002544,147.08037193991,1.00000000294405,0.707805871306252
120900.000002549,147.462944843297,1.00000000277811,0.706142656968744
121000.000002555,147.847921566503,1.0000000029822,0.703645258798162
121100.000002561,148.233788165239,1.00000000298219,0.702561214304145
121200.000002567,148.620050169002,1.00000000307708,0.703197608124443
121300.000002573,149.006321792009,1.00000000285467,0.702142646836338
121400.000002579,149.394201613814,1.00000000296998,0.701070017811002
121500.000002584,149.784846004357,1.00000000294442,0.696952348267408
121600.00000259,150.17934944877,1.00000000301833,0.697604254074273
121700.000002596,150.577795177167,1.00000000291054,0.701891192881162
121800.000002602,150.980545179009,1.0000000030203,0.700513676544791
121900.000002608,151.386553510854,1.00000000296769,0.69808009603994
122000.000002613,151.796097352828,1.00000000293421,0.699720103207259
122100.000002619,152.208502781568,1.00000000293714,0.703055832437283
122200.000002625,152.622178008689,1.0000000029928,0.707176959571822
122300.000002631,153.035932554911,1.00000000307967,0.710633777165474
122400.000002637,153.450462444427,1.00000000309217,0.705711067317856
122500.000002643,153.866236702978,1.00000000308916,0.703963341392591
122600.000002648,154.285004772944,1.00000000297901,0.70380998720864
122700.000002654,154.703340068604,1.00000000303891,0.702331041274351
122800.00000266,155.121362480301,1.00000000302894,0.70431457976778
122900.000002666,155.537266236352,1.00000000303609,0.70009065481834
123000.000002672,155.954857699457,1.00000000299144,0.698723534489061
123100.000002677,156.370648129785,1.00000000304029,0.707527442785836
123200.000002683,156.784630768895,1.00000000297401,0.704000474002595
123300.000002689,157.19489648592,1.00000000302399,0.700675880523872
123400.000002695,157.605047752516,1.00000000293377,0.705788546511596
123500.000002701,158.016024158916,1.00000000303763,0.705764123821681
123600.000002707,158.428827170017,1.00000000305853,0.70852141911629
123700.000002712,158.841568933935,1.00000000288589,0.700914243721771
123800.000002718,159.258742501441,1.00000000297349,0.699391685992338
123900.000002724,159.677731832405,1.00000000300888,0.709146899973401
124000.00000273,160.097948470895,1.00000000277798,0.715203706299277
124100.000002736,160.517273013114,1.00000000297723,0.715135546437392
124200.000002742,160.935995174158,1.00000000299543,0.713411799145212
124300.000002747,161.354219312052,1.00000000308845,0.709316958105622
124400.000002753,161.774060543139,1.00000000309258,0.707588140033515
124500.000002759,162.192209219983,1.00000000301569,0.71312059567885
124600.000002765,162.609389004437,1.00000000299551,0.708614431235513
124700.000002771,163.027029297603,1.00000000288654,0.707526657457638
124800.000002776,163.445316759358,1.0000000031193,0.705055666745138
124900.000002782,163.865907540268,1.00000000291009,0.705796396678796
125000.000002788,164.289101770918,1.00000000305823,0.70386264073299
125100.000002794,164.714370468981,1.00000000306812,0.708141038357511
125200.0000028,165.139550808847,1.00000000297142,0.70580794303071
125300.000002806,165.568440093767,1.00000000289255,0.706186502836742
125400.000002811,165.999331785664,1.00000000303582,0.703262849669849
125500.000002817,166.432132973478,1.00000000304258,0.704619473383798
125600.000002823,166.863495940588,1.0000000030612,0.705188133657452
125700.000002829,167.295351583772,1.00000000321543,0.705746832358273
125800.000002835,167.726976100757,1.00000000312826,0.70337309411031
125900.00000284,168.160009542449,1.00000000312976,0.704812070448419
126000.000002846,168.592363449909,1.00000000300042,0.701082617912685
126100.000002852,169.027421866514,1.00000000311023,0.699834319926445
126200.000002858,169.464095550316,1.0000000031045,0.702978991736981
126300.000002864,169.901974456009,1.00000000299862,0.705121299875429
126400.00000287,170.340259657739,1.00000000308977,0.704359054027389
126500.000002875,170.778041334806,1.00000000302246,0.701183457606178
126600.000002881,171.218604988377,1.0000000031833,0.697259137771326
126700.000002887,171.664879382973,1.00000000309235,0.696182936623372
126800.000002893,172.116029551782,1.00000000288705,0.700539724465031
126900.000002899,172.569752131894,1.00000000306585,0.703748743309159
127000.000002904,173.0240423942,1.00000000327014,0.701678322997074
127100.00000291,173.479943699139,1.00000000303389,0.702827320736859
127200.000002916,173.937605162729,1.00000000304414,0.70261212477363
127300.000002922,174.397899255605,1.00000000305865,0.702309009143136
127400.000002928,174.859039942593,1.00000000301133,0.706909496612879
127500.000002934,175.321350370567,1.00000000318556,0.704456737702288
127600.000002939,175.787051265566,1.00000000306521,0.701454740864329
127700.000002945,176.257152061803,1.00000000298237,0.70000116723008
127800.000002951,176.731775607935,1.00000000293081,0.70226078650279
127900.000002957,177.208092415975,1.00000000298483,0.696150412793424
128000.000002963,177.687229804687,1.00000000305155,0.699766229004092
128100.000002969,178.168038793129,1.00000000302774,0.703686854925392
128200.000002974,178.650389744815,1.00000000316746,0.707350312039542
128300.00000298,179.135793693777,1.00000000302702,0.70342694178827
128400.000002986,179.62285731361,1.0000000030695,0.704356832783363
128500.000002992,180.112128590989,1.0000000031842,0.709853794377775
128600.000002998,180.600599473866,1.00000000314996,0.708432105886294
128700.000003003,181.092271024442,1.00000000324546,0.705896965462888
128800.000003009,181.583852339308,1.00000000312544,0.70627517590252
128900.000003015,182.075100697467,1.0000000030761,0.708002632151371
129000.000003021,182.563737922123,1.00000000313524,0.712396512361701
129100.000003027,183.049962826413,1.00000000305791,0.710968209430963
129200.000003033,183.535914013955,1.00000000311011,0.705943605123776
129300.000003038,184.022108704965,1.00000000314992,0.707891684443267
129400.000003044,184.5088419452,1.00000000311543,0.70864039678381
129500.00000305,184.994876778704,1.0000000030677,0.701265649441496
129600.000003056,185.483260032223,1.00000000306368,0.701818948360833
129700.000003062,185.973164915781,1.00000000301404,0.707107344384637
129800.000003067,186.463197501611,1.00000000317534,0.708082127898051
129900.000003073,186.953646968219,1.00000000312056,0.705326694005463
130000.000003079,187.443377112084,1.00000000314859,0.704740956563209
130100.000003085,187.934532535937,1.00000000312289,0.706262640392578
130200.000003091,188.425246838572,1.00000000328896,0.707964504888996
130300.000003097,188.915946644939,1.00000000310105,0.704078024064748
130400.000003102,189.407224994977,1.00000000303178,0.706090867496837
130500.000003108,189.897836455282,1.00000000308569,0.705702287214157
130600.000003114,190.387293471711,1.00000000309049,0.709890878600171
130700.00000312,190.873035885776,1.00000000329793,0.709494316560152
130800.000003126,191.357119548271,1.00000000319852,0.707495436957411
130900.000003131,191.839343788224,1.00000000309256,0.708110732137192
131000.000003137,192.32293570289,1.00000000310026,0.702639463687019
131100.000003143,192.807464567326,1.00000000286607,0.699051679784432
131200.000003149,193.29442734847,1.00000000304991,0.701795699210806
131300.000003155,193.783607553352,1.00000000311029,0.703752156053414
131400.000003161,194.272873876251,1.00000000318021,0.705306235700348
131500.000003166,194.759485033161,1.00000000311194,0.710550362882517
131600.000003172,195.241575759012,1.00000000335841,0.711333627498328
131700.000003178,195.719632407627,1.00000000313431,0.707010610355982
131800.000003184,196.19428092069,1.00000000308779,0.708782556925547
131900.00000319,196.666136926023,1.00000000313344,0.707596348970263
132000.000003196,197.137923337347,1.00000000320322,0.708972920036541
132100.000003201,197.609417026737,1.00000000314557,0.709749787257099
132200.000003207,198.080069763479,1.00000000312757,0.709622843307094
132300.000003213,198.552735716335,1.00000000314682,0.709136032348489
132400.000003219,199.028355553591,1.00000000305661,0.707988002243054
132500.000003225,199.508471383278,1.000000003172,0.706142792323866
132600.00000323,199.990162987068,1.00000000322076,0.704900763748732
132700.000003236,200.474297663419,1.00000000320118,0.706147511377465
132800.000003242,200.960032410834,1.00000000302669,0.709244909989788
132900.000003248,201.447279652672,1.00000000317024,0.711968852834885
133000.000003254,201.934371248523,1.00000000323558,0.711701372940002
133100.00000326,202.419682531548,1.00000000316146,0.712609984522212
133200.000003265,202.903589920125,1.00000000333213,0.714960873869959
133300.000003271,203.38541618454,1.00000000306043,0.714469294365321
133400.000003277,203.868092227394,1.00000000328076,0.711328429540711
133500.000003283,204.35035793893,1.00000000318953,0.711655067492448
133600.000003289,204.830337433653,1.00000000324812,0.714321715312445
133700.000003294,205.309525661562,1.00000000326417,0.71327184954105
133800.0000033,205.787774676057,1.00000000313008,0.712565892148992
133900.000003306,206.268865709851,1.00000000306618,0.708279193478221
134000.000003312,206.75240742783,1.0000000031561,0.707573825356394
134100.000003318,207.238372965352,1.00000000303857,0.706746224998182
134200.000003324,207.723200188588,1.00000000308289,0.707961770219623
134300.000003329,208.207129995539,1.00000000316902,0.704965802665528
134400.000003335,208.689647065008,1.00000000326909,0.699302495169211
134500.000003341,209.172493494704,1.00000000320762,0.70150969062461
134600.000003347,209.657074984231,1.00000000322415,0.710327494112019
134700.000003353,210.141438335154,1.00000000336346,0.712306703072476
134800.000003358,210.627676101559,1.00000000319108,0.709833028159901
134900.000003364,211.113674050494,1.000000003397,0.710567490914515
135000.00000337,211.599217605662,1.00000000328571,0.710736846200256
135100.000003376,212.084724671925,1.00000000326879,0.709820539305717
135200.000003382,212.569545626478,1.00000000320953,0.712537765948567
135300.000003388,213.055817441595,1.00000000328025,0.70962594611101
135400.000003393,213.541710512429,1.00000000305525,0.712507259611835
135500.000003399,214.027714651753,1.0000000032058,0.713582544022795
135600.000003405,214.514929668816,1.00000000334325,0.709443478316621
135700.000003411,215.005692076276,1.00000000318013,0.706481994887206
135800.000003417,215.49975990474,1.00000000311308,0.703950618232047
135900.000003423,215.996312401629,1.0000000031596,0.70364858662786
136000.000003428,216.496137733694,1.00000000319973,0.701907573768265
136100.000003434,216.996843761854,1.00000000320375,0.701426083093751
136200.00000344,217.500956830428,1.00000000331848,0.706449260748382
136300.000003446,218.007880669412,1.00000000309462,0.705437122409335
136400.000003452,218.519817490917,1.00000000327473,0.702822881768624
136500.000003457,219.035700286181,1.00000000310227,0.701387429585804
136600.000003463,219.554393288564,1.00000000303758,0.70363629769468
136700.000003469,220.07542709047,1.0000000032457,0.705187371674678
136800.000003475,220.598762310927,1.00000000323634,0.704935622644347
136900.000003481,221.125141354195,1.0000000032265,0.705869412480385
137000.000003487,221.652388046298,1.00000000320173,0.70774944552158
137100.000003492,222.181169038887,1.0000000032053,0.707260000507812
137200.000003498,222.711025993703,1.00000000327287,0.70806709189935
137300.000003504,223.242198577001,1.00000000334281,0.706814593167863
137400.00000351,223.775377803484,1.00000000327121,0.708005449464554
137500.000003516,224.307824482364,1.00000000328841,0.709757390083583
137600.000003521,224.841781755409,1.00000000333754,0.708277716595979
137700.000003527,225.375270981709,1.00000000318128,0.710716027867378
137800.000003533,225.909524049761,1.00000000341487,0.708305837702902
137900.000003539,226.443532188064,1.00000000318109,0.709658445906303
138000.000003545,226.976301339409,1.00000000325449,0.711819242032149
138100.000003551,227.508778802822,1.0000000032986,0.707090259343735
138200.000003556,228.043822671491,1.0000000034043,0.705156986742124
138300.000003562,228.58068180892,1.00000000322117,0.706372947162415
138400.000003568,229.117774438803,1.00000000334912,0.707617867464697
138500.000003574,229.656071526596,1.00000000333706,0.709054465180827
138600.00000358,230.196125427092,1.00000000317599,0.705378443574646
138700.000003586,230.739403787793,1.00000000326108,0.7092280263816
138800.000003591,231.28617519949,1.00000000328089,0.707697767108853
138900.000003597,231.83610085545,1.00000000319459,0.705279262139354
139000.000003603,232.389788597611,1.00000000328904,0.704854320089237
139100.000003609,232.946284088183,1.00000000325638,0.70669707316932
139200.000003615,233.503318492511,1.00000000354006,0.709178771804737
139300.00000362,234.059054229885,1.0000000033631,0.706611292020371
139400.000003626,234.613485586676,1.00000000325613,0.701875701938364
139500.000003632,235.168480934101,1.00000000323711,0.705920451385274
139600.000003638,235.724756918528,1.00000000323955,0.706009000369872
139700.000003644,236.280969294941,1.00000000338512,0.706871738480208
139800.00000365,236.834740643837,1.0000000031755,0.706340141174531
139900.000003655,237.389445300432,1.00000000343671,0.707709002496881
140000.000003661,237.947236457217,1.00000000332766,0.70272480725318
140100.000003667,238.508634655518,1.00000000325543,0.709581293533912
140200.000003673,239.06919460361,1.00000000333206,0.715300998923887
140300.000003679,239.627737035589,1.00000000345922,0.713302495412747
140400.000003684,240.185419886469,1.00000000326679,0.709096450448397
140500.00000369,240.743150496469,1.00000000314827,0.707265627804176
140600.000003696,241.302935343986,1.00000000343901,0.707773745758059
140700.000003702,241.863724532429,1.00000000330621,0.70996450464689
140800.000003708,242.424184995012,1.00000000333942,0.711608771376054
140900.000003714,242.984118426341,1.00000000336329,0.71009563155299
141000.000003719,243.543798151792,1.00000000329792,0.709025126977309
141100.000003725,244.10294116748,1.0000000034605,0.709138649769529
141200.000003731,244.659604505173,1.00000000333124,0.708319048543279
141300.000003737,245.217077655296,1.00000000343141,0.709472001157681
141400.000003743,245.77419313223,1.00000000335018,0.711819779335362
141500.000003748,246.331026942856,1.00000000336803,0.714234907742031
141600.000003754,246.887307059523,1.00000000334903,0.714729326525358
141700.00000376,247.444463857469,1.00000000323267,0.711378990882235
141800.000003766,248.005283757511,1.00000000330341,0.706434615971385
141900.000003772,248.57099395861,1.00000000348724,0.703279193698112
142000.000003778,249.139076819266,1.00000000321478,0.707099332009056
142100.000003783,249.70661083096,1.00000000329655,0.709165140271435
142200.000003789,250.272491757298,1.00000000336633,0.709452910725322
142300.000003795,250.837739312969,1.00000000330543,0.711845269274339
142400.000003801,251.404295017932,1.00000000339827,0.708912127118514
142500.000003807,251.97295281674,1.00000000339236,0.711717191750532
142600.000003813,252.540276376092,1.00000000330955,0.71456836611622
142700.000003818,253.105989842638,1.00000000352822,0.710427133289007
142800.000003824,253.670707634758,1.00000000349603,0.711689279235796
142900.00000383,254.233969200489,1.00000000340348,0.714158583204853
143000.000003836,254.7962083546,1.00000000340795,0.713495134294804
143100.000003842,255.359257203601,1.00000000349341,0.712993016668008
143200.000003847,255.923373440993,1.00000000327347,0.710377527456342
143300.000003853,256.490236213639,1.00000000334565,0.704691557898414
143400.000003859,257.060279019285,1.00000000340131,0.703262560934391
143500.000003865,257.63027572941,1.00000000325793,0.704981341576162
143600.000003871,258.201472483569,1.00000000335769,0.705673666662378
143700.000003877,258.774957396382,1.00000000332712,0.70734585688971
143800.000003882,259.350777043086,1.00000000331691,0.706607254932292
143900.000003888,259.927186796687,1.00000000363563,0.707146510734373
144000.000003894,260.503450014731,1.00000000343128,0.710221731820191
144100.0000039,261.081479686339,1.00000000343415,0.705902958377687
144200.000003906,261.662332433198,1.00000000337758,0.703562602373918
144300.000003911,262.246380729784,1.00000000328684,0.703923947241699
144400.000003917,262.833605618989,1.00000000350779,0.704182296101063
144500.000003923,263.423033299453,1.00000000335789,0.702660371752352
144600.000003929,264.013451529727,1.00000000347516,0.704938992682838
144700.000003935,264.604312987884,1.00000000342026,0.705562453626825
144800.000003941,265.196238312952,1.00000000334911,0.709665022568979
144900.000003946,265.788430959431,1.00000000335882,0.708509533600068
145000.000003952,266.380298011896,1.00000000350474,0.712514225610355
145100.000003958,266.972085421461,1.00000000347063,0.711805022850774
145200.000003964,267.563676393469,1.00000000343842,0.7090935185193
145300.00000397,268.154532569638,1.00000000331613,0.710316233030502
145400.000003975,268.745171414443,1.00000000331905,0.709021757705426
145500.000003981,269.336207911214,1.00000000336985,0.707611293361108
145600.000003987,269.926988953056,1.00000000358985,0.714443235055053
145700.000003993,270.51570314307,1.00000000350281,0.715461059502852
145800.000003999,271.102470697357,1.00000000341874,0.711063929622359
145900.000004005,271.688329784481,1.00000000344815,0.709069790409392
146000.00000401,272.271664348219,1.00000000355363,0.709840140778298
146100.000004016,272.852957835176,1.00000000352559,0.710557295448946
146200.000004022,273.43481214681,1.0000000034572,0.713077687609229
146300.000004028,274.017821764193,1.00000000336956,0.712984862624714
146400.000004034,274.601647861386,1.00000000327365,0.71315496833275
146500.00000404,275.185545714604,1.0000000034743,0.711275753438167
146600.000004045,275.768952425213,1.00000000341901,0.71090780440241
146700.000004051,276.353904706193,1.00000000357512,0.707895736980498
146800.000004057,276.943366393444,1.00000000332225,0.705039275330896
146900.000004063,277.535501417039,1.00000000347638,0.709124228716286
147000.000004069,278.12797957062,1.00000000344646,0.710411066878287
147100.000004074,278.719976881723,1.00000000351125,0.711208880712198
147200.00000408,279.3133761806,1.0000000033795,0.708722727066018
147300.000004086,279.906730076246,1.0000000035917,0.711874041461479
147400.000004092,280.500390971082,1.00000000340263,0.710419133677127
147500.000004098,281.094527473694,1.00000000329612,0.712460328974964
147600.000004104,281.689111033805,1.00000000343295,0.714047094483968
147700.000004109,282.282588202433,1.00000000346596,0.715892806549996
147800.000004115,282.873931560094,1.00000000366306,0.71711338682984
147900.000004121,283.465352060865,1.0000000036087,0.715368135046767
148000.000004127,284.058500467229,1.00000000332206,0.712596901110629
148100.000004133,284.654608377124,1.00000000332547,0.710915799177626
148200.000004138,285.253994989663,1.00000000357119,0.712714269228581
148300.000004144,285.855506331948,1.00000000343987,0.709125594097882
148400.00000415,286.458123875207,1.00000000339527,0.712685057040309
148500.000004156,287.061534594116,1.00000000329896,0.714251646546689
148600.000004162,287.66727163177,1.00000000349133,0.712693276296804
148700.000004168,288.274638898402,1.00000000354972,0.709007970329422
148800.000004173,288.88349566464,1.00000000355771,0.710436932512533
148900.000004179,289.494547503026,1.00000000344323,0.70997670314488
149000.000004185,290.1071074898,1.00000000336619,0.711757216670955
149100.000004191,290.720315405428,1.00000000360863,0.716892353756306
149200.000004197,291.333702621942,1.00000000354248,0.71694222563747
149300.000004203,291.946335282265,1.00000000352867,0.712277620308926
149400.000004208,292.557647067445,1.0000000034171,0.712912217229031
149500.000004214,293.169442840756,1.00000000343509,0.708986774186421
149600.00000422,293.782316789486,1.0000000034989,0.713521139300226
149700.000004226,294.395102315654,1.00000000343481,0.713443771737507
149800.000004232,295.008804665943,1.00000000347802,0.714217036080716
149900.000004237,295.624231777631,1.00000000342203,0.713317808207251
150000.000004243,296.241206844875,1.00000000351114,0.70916450978352
150100.000004249,296.859399676456,1.00000000344235,0.711126825423448
150200.000004255,297.477705808077,1.00000000347875,0.714169925070268
150300.000004261,298.095854436566,1.0000000034573,0.711694022063238
150400.000004267,298.713568270597,1.00000000356433,0.713240041051632
150500.000004272,299.331631521117,1.00000000352087,0.713608974907604
150600.000004278,299.950073718208,1.00000000356728,0.715668850988839
150700.000004284,300.568256007731,1.00000000355714,0.715014822153124
150800.00000429,301.186427105026,1.00000000345107,0.710741384588391
150900.000004296,301.804842748993,1.00000000355248,0.711857760523354
151000.000004301,302.423569677128,1.00000000352911,0.714390286021858
151100.000004307,303.041969556665,1.00000000377865,0.715944470245826
151200.000004313,303.661317919727,1.00000000352453,0.715487809887743
151300.000004319,304.281146762914,1.00000000354042,0.713066147940112
151400.000004325,304.901455314078,1.00000000358951,0.712216162290905
151500.000004331,305.523665050954,1.00000000337779,0.710569322150795
151600.000004336,306.14811711298,1.0000000035318,0.712823802976147
151700.000004342,306.772441650766,1.0000000035822,0.712773519878809
151800.000004348,307.395690281597,1.00000000373443,0.71386238145266
151900.000004354,308.019468263839,1.00000000365243,0.713292967969103
152000.00000436,308.643602329973,1.00000000372054,0.713551776556079
152100.000004365,309.267326461597,1.00000000348087,0.711875693747327
152200.000004371,309.890330192142,1.00000000369304,0.713698286396366
152300.000004377,310.512742686336,1.00000000361459,0.715700758813115
152400.000004383,311.133299937996,1.00000000364261,0.71650257794408
152500.000004389,311.752407672548,1.00000000358872,0.711316088727565
152600.000004395,312.373452434423,1.00000000357744,0.710044504521768
152700.0000044,312.995201739364,1.00000000359429,0.711142907945342
152800.000004406,313.619407667159,1.00000000353639,0.708749888042967
152900.000004412,314.24759301518,1.00000000353957,0.706573259842414
153000.000004418,314.878820021719,1.00000000355587,0.711110018420479
153100.000004424,315.51124943443,1.00000000358574,0.712865060387383
153200.00000443,316.143741699794,1.00000000357332,0.709641838513232
153300.000004435,316.775018249474,1.0000000035008,0.712948803401119
153400.000004441,317.405558733305,1.00000000359016,0.713266765944116
153500.000004447,318.036001665828,1.0000000036162,0.715441844682374
153600.000004453,318.6660969961,1.00000000367035,0.716020369597588
153700.000004459,319.293992060193,1.00000000379969,0.717047849820679
153800.000004464,319.92024034378,1.00000000338829,0.715247332082417
153900.00000447,320.546261625282,1.00000000357908,0.712666973811043
154000.000004476,321.172859035486,1.00000000347182,0.713843341577857
154100.000004482,321.798367708976,1.00000000366865,0.717937448906674
154200.000004488,322.422504052123,1.00000000360279,0.718334844568712
154300.000004494,323.044896334955,1.00000000359928,0.715845207476986
154400.000004499,323.665664200554,1.0000000036109,0.717249011069225
154500.000004505,324.285960998619,1.00000000364047,0.716106261572135
154600.000004511,324.906438327014,1.0000000035577,0.71694298348077
154700.000004517,325.527675993816,1.00000000338676,0.714609323010077
154800.000004523,326.149600872971,1.00000000353193,0.715435888046217
154900.000004528,326.770394305218,1.0000000036251,0.717020602779102
155000.000004534,327.38870029053,1.00000000363669,0.717749010217055
155100.00000454,328.004225454482,1.00000000372488,0.713679701324166
155200.000004546,328.617342583959,1.00000000371498,0.718711689457995
155300.000004552,329.228606302661,1.00000000364909,0.716967767758911
155400.000004558,329.840224321438,1.00000000356229,0.713371116435898
155500.000004563,330.453694129502,1.00000000357447,0.712302663744907
155600.000004569,331.068499683989,1.0000000036791,0.714070404895906
155700.000004575,331.68367458891,1.0000000035207,0.716296138619347
155800.000004581,332.300337285833,1.00000000349349,0.715471187299733
155900.000004587,332.920203679371,1.00000000372433,0.715138965112855
156000.000004592,333.541578463814,1.00000000360718,0.716308766621656
156100.000004598,334.162498897862,1.00000000361762,0.718829715853931
156200.000004604,334.782892022198,1.00000000373628,0.716420551946695
156300.00000461,335.405866829057,1.00000000345104,0.711315719658286
156400.000004616,336.031538266279,1.00000000361881,0.712641597638015
156500.000004622,336.657615891135,1.0000000036412,0.716608512141958
156600.000004627,337.283658084082,1.0000000036778,0.715951453613631
156700.000004633,337.910761297879,1.00000000359405,0.712010716284605
156800.000004639,338.540577174172,1.0000000036407,0.714915678433655
156900.000004645,339.170991852189,1.00000000361939,0.717404768110971
157000.000004651,339.802699636423,1.0000000037058,0.715959323507229
157100.000004657,340.436749656254,1.00000000354757,0.715824516004864
157200.000004662,341.073724174144,1.00000000364125,0.71914992429462
157300.000004668,341.712545382576,1.00000000367778,0.720904092753401
157400.000004674,342.352483774437,1.00000000357334,0.719995894330977
157500.00000468,342.996076902945,1.00000000358022,0.716810194851025
157600.000004686,343.641083846189,1.00000000364774,0.712470985915833
157700.000004691,344.289331039099,1.00000000369655,0.712690630483154
157800.000004697,344.939190928055,1.00000000358341,0.715532979116825
157900.000004703,345.592672794606,1.00000000353586,0.713981883178224
158000.000004709,346.249492691721,1.00000000355858,0.711857193604447
158100.000004715,346.910815770315,1.00000000364188,0.709528894749268
158200.000004721,347.576754123326,1.00000000362654,0.709637891431318
158300.000004726,348.246654760251,1.00000000361926,0.712385164579269
158400.000004732,348.917096523337,1.00000000365692,0.710939044082729
158500.000004738,349.588004412106,1.000000003653,0.711500102117519
158600.000004744,350.260731283518,1.00000000370195,0.710886555544484
158700.00000475,350.935400844285,1.00000000354107,0.712669549028295
158800.000004755,351.611242707535,1.00000000370703,0.711505536560882
158900.000004761,352.288711309908,1.00000000351936,0.709748287286472
159000.000004767,352.967972789068,1.00000000362405,0.711520554898548
159100.000004773,353.649592736178,1.00000000363513,0.712893625885473
159200.000004779,354.331282893055,1.00000000367609,0.715266158302268
159300.000004785,355.011299307588,1.00000000364587,0.714345072495064
159400.00000479,355.688101546306,1.00000000357954,0.717482991360787
159500.000004796,356.36124755592,1.00000000381806,0.718317959703296
159600.000004802,357.031814598006,1.00000000384373,0.718155937468872
159700.000004808,357.699922241229,1.00000000382196,0.717988981665519
159800.000004814,358.364584181415,1.00000000361751,0.720452699626086
159900.00000482,359.022304953828,1.00000000391277,0.719666768294653
160000.000004825,359.673765713642,1.00000000361795,0.719958299054654
160100.000004831,360.3195618743,1.00000000398286,0.719023427497467
160200.000004837,360.961880537232,1.00000000379838,0.720685336762398
160300.000004843,361.599270534854,1.00000000374869,0.719940288043627
160400.000004849,362.234443718177,1.00000000378059,0.718630274324983
160500.000004854,362.868372551686,1.00000000365141,0.718935292936448
160600.00000486,363.501891626912,1.00000000373999,0.716020181057154
160700.000004866,364.133710828114,1.00000000362416,0.717122507028559
160800.000004872,364.765026390311,1.00000000389783,0.716421868282205
160900.000004878,365.400015530243,1.00000000367067,0.716364213287682
161000.000004884,366.040178375114,1.00000000358787,0.713725769815078
161100.000004889,366.683840899679,1.00000000347973,0.716828735977033
161200.000004895,367.329890811371,1.00000000354607,0.715137363366211
161300.000004901,367.982077447132,1.00000000359624,0.712065433466924
161400.000004907,368.642030450391,1.00000000359928,0.71178200289003
161500.000004913,369.305805189956,1.00000000393275,0.71690758170766
161600.000004918,369.971085616778,1.00000000372695,0.71632474251114
161700.000004924,370.64120675378,1.00000000375548,0.714560116462082
161800.00000493,371.318513847323,1.00000000375511,0.712310002062462
161900.000004936,372.000168478373,1.0000000036329,0.716379642897928
162000.000004942,372.6859035538,1.00000000373166,0.717655732635108
162100.000004948,373.378753764324,1.00000000355105,0.715252001051345
162200.000004953,374.080454803748,1.00000000371731,0.716864783281096
162300.000004959,374.787314652119,1.00000000380235,0.718302053416741
162400.000004965,375.496704809454,1.00000000370593,0.715923879727272
162500.000004971,376.212244607348,1.00000000367648,0.715318007992427
162600.000004977,376.933184676966,1.00000000369991,0.716441894467699
162700.000004982,377.656416731773,1.00000000376631,0.711901754743858
162800.000004988,378.380957775179,1.0000000036458,0.712414907969374
162900.000004994,379.110674768536,1.00000000377567,0.712759785986605
163000.000005,379.845736760954,1.00000000383618,0.719516273790481
163100.000005006,380.580316872576,1.00000000385945,0.721597357553644
163200.000005012,381.311171829854,1.0000000037155,0.717090659342887
163300.000005017,382.044901368151,1.00000000377247,0.716572282624592
163400.000005023,382.782748798317,1.00000000373906,0.717432631361283
163500.000005029,383.519643004729,1.00000000375359,0.723183447173515
163600.000005035,384.252216939141,1.00000000384162,0.722034604648269
163700.000005041,384.98520143569,1.00000000378743,0.718813242818742
163800.000005047,385.720839966201,1.00000000390653,0.719143782886771
163900.000005052,386.454289895629,1.00000000403401,0.720002506022065
164000.000005058,387.183037235302,1.00000000388662,0.720413510494547
164100.000005064,387.911861590909,1.00000000380839,0.720198474900056
164200.00000507,388.642442134757,1.00000000395955,0.720790588087828
164300.000005076,389.370698619012,1.00000000390775,0.722325580401257
164400.000005081,390.096333545042,1.00000000370494,0.7166019455358
164500.000005087,390.824640615896,1.00000000393127,0.718970025689826
164600.000005093,391.557967070812,1.00000000383562,0.721146079296114
164700.000005099,392.29343460716,1.00000000374782,0.721223712353677
164800.000005105,393.028473719759,1.00000000377677,0.720933350447629
164900.000005111,393.765991159181,1.0000000036704,0.720643746001259
165000.000005116,394.507315596188,1.00000000368801,0.722323126959349
165100.000005122,395.248102636241,1.00000000393016,0.723176357211622
165200.000005128,395.987906104083,1.00000000369077,0.718632455141609
165300.000005134,396.731603793898,1.0000000037285,0.717735347531488
165400.00000514,397.482825055925,1.00000000390869,0.719887988708879
165500.000005145,398.237631869213,1.00000000380273,0.721977589721241
165600.000005151,398.993984655025,1.00000000385408,0.719522510161093
165700.000005157,399.754488925242,1.00000000379157,0.720216988343783
165800.000005163,400.520933155038,1.00000000388437,0.719546826467202
165900.000005169,401.291579759967,1.00000000379784,0.715127518456307
166000.000005175,402.061920264728,1.00000000380937,0.714515189885356
166100.00000518,402.832822231261,1.00000000359783,0.713928636938395
166200.000005186,403.60947322634,1.00000000385345,0.713677858259539
166300.000005192,404.39089483041,1.00000000399721,0.716051202813615
166400.000005198,405.174221358756,1.0000000037572,0.715111637902212
166500.000005204,405.959088667863,1.00000000379306,0.717849089223964
166600.000005209,406.749535861786,1.00000000371788,0.716463013473822
166700.000005215,407.547578546599,1.00000000387612,0.71407277613436
166800.000005221,408.349171099183,1.00000000371115,0.715931820431616
166900.000005227,409.152893817482,1.00000000375234,0.717034621073485
167000.000005233,409.961947861422,1.00000000374364,0.714719403112065
167100.000005239,410.778539761123,1.00000000378674,0.715332601359705
167200.000005244,411.600582826336,1.00000000383813,0.714420303484453
167300.00000525,412.426675775563,1.00000000373408,0.713255395447156
167400.000005256,413.257786782842,1.00000000392395,0.713477282859765
167500.000005262,414.095309382386,1.00000000394692,0.709534889027187
167600.000005268,414.939489285364,1.00000000372424,0.709077167146016
167700.000005274,415.788604102339,1.00000000376373,0.713386375604893
167800.000005279,416.641792556882,1.00000000379442,0.715922421643118
167900.000005285,417.497890256355,1.00000000387161,0.716454262865761
168000.000005291,418.356946194827,1.00000000400095,0.718148713608689
168100.000005297,419.219008280259,1.00000000385107,0.718519920151272
168200.000005303,420.083004953282,1.00000000398276,0.717769338623137
168300.000005308,420.950371911548,1.00000000374027,0.714645235952228
168400.000005314,421.821971616574,1.00000000379518,0.717398821286914
168500.00000532,422.696246640012,1.00000000400754,0.717468263013888
168600.000005326,423.571909519137,1.00000000392189,0.715998563527784
168700.000005332,424.450838408687,1.00000000403371,0.714340314963898
168800.000005338,425.335387131541,1.0000000037964,0.710877265010035
168900.000005343,426.225762722499,1.00000000381475,0.711014660715874
169000.000005349,427.12267128292,1.0000000037108,0.711351853696147
169100.000005355,428.026629620155,1.00000000394626,0.713209158113835
169200.000005361,428.937744460043,1.00000000376852,0.714583303091478
169300.000005367,429.853995204053,1.00000000378186,0.714086336472639
169400.000005372,430.77458289532,1.00000000372297,0.715873863471551
169500.000005378,431.700865382664,1.00000000368207,0.717737410951951
169600.000005384,432.63439165357,1.00000000393533,0.717341414119222
169700.00000539,433.574012722864,1.00000000391427,0.719113979472703
169800.000005396,434.515861055374,1.00000000396234,0.719567212295924
169900.000005402,435.459880061133,1.00000000400623,0.71601624556414
170000.000005407,436.409896683334,1.00000000398651,0.713347499507217
170100.000005413,437.36563068701,1.00000000393001,0.714962437303371
170200.000005419,438.321624949021,1.00000000380595,0.717040569786317
170300.000005425,439.275270601158,1.00000000395476,0.720385167495418
170400.000005431,440.228641355915,1.00000000393475,0.717792333018753
170500.000005437,441.184625640091,1.0000000038049,0.716174262948341
170600.000005442,442.14125317082,1.00000000393762,0.71927263239096
170700.000005448,443.096500386519,1.00000000408916,0.719791270178107
170800.000005454,444.052765215714,1.00000000370087,0.717850211984824
170900.00000546,445.014184206538,1.00000000391248,0.719695471713308
171000.000005466,445.977459173488,1.00000000390432,0.722363526921589
171100.000005471,446.93810388147,1.00000000388337,0.722425615612455
171200.000005477,447.898628980203,1.00000000384201,0.71660763489511
171300.000005483,448.863436608701,1.00000000403885,0.720776016187204
171400.000005489,449.829654603947,1.00000000395161,0.723550910688067
171500.000005495,450.793129001745,1.00000000399279,0.723930748656901
171600.000005501,451.752749148133,1.00000000411276,0.724334300487614
171700.000005506,452.713437874888,1.0000000038411,0.720678521693403
171800.000005512,453.675683630451,1.00000000396026,0.7192876125359
171900.000005518,454.636820075943,1.00000000388314,0.722440016011863
172000.000005524,455.594653104512,1.00000000392622,0.72309559732986
172100.00000553,456.55143251607,1.00000000397569,0.717961764056756
172200.000005535,457.508087667455,1.00000000413691,0.718260051765739
172300.000005541,458.463922935978,1.00000000377169,0.718651564134635
172400.000005547,459.416747189957,1.00000000396775,0.720729731802769
172500.000005553,460.367131339893,1.00000000407427,0.723798280884545
172600.000005559,461.31628980821,1.00000000408813,0.724264807992179
172700.000005565,462.264360395985,1.00000000402619,0.723638652045147
172800.00000557,463.20917160118,1.00000000408142,0.722714577182002
172900.000005576,464.151165822302,1.00000000392182,0.721813361181759
173000.000005582,465.092461727958,1.0000000038849,0.722182457271032
173100.000005588,466.034368950284,1.00000000411253,0.724131110892062
173200.000005594,466.975842169637,1.00000000411534,0.724772083714778
173300.000005599,467.916633288643,1.00000000410998,0.722955112252748
173400.000005605,468.858457101469,1.00000000394873,0.723120231666083
173500.000005611,469.801059071445,1.00000000407789,0.723311089345469
173600.000005617,470.743096725332,1.00000000410081,0.72425880233433
173700.000005623,471.684643336074,1.00000000390251,0.724034143935798
173800.000005629,472.624453067288,1.00000000408636,0.724799560834798
173900.000005634,473.562665331963,1.00000000388582,0.724497446052121
174000.00000564,474.499771797535,1.00000000404575,0.722886552021032
174100.000005646,475.436447577675,1.00000000396666,0.722075714424142
174200.000005652,476.373638278355,1.00000000401185,0.722755761349042
174300.000005658,477.311939250553,1.00000000389035,0.718302505978045
174400.000005664,478.251242797889,1.00000000403748,0.717855414725898
174500.000005669,479.19027085128,1.00000000415762,0.724510523613118
174600.000005675,480.12718405755,1.00000000415908,0.725094129579829
174700.000005681,481.061899884882,1.00000000394343,0.724245201749069
174800.000005687,481.995107949659,1.00000000398084,0.722443030779636
174900.000005693,482.927248484458,1.0000000039276,0.720666416524889
175000.000005698,483.858759228892,1.00000000408468,0.722238553974549
175100.000005704,484.790369270645,1.00000000395466,0.720694788764925
175200.00000571,485.722001295775,1.00000000410348,0.721653176672297
175300.000005716,486.651937570257,1.00000000407061,0.722124586300219
175400.000005722,487.579806602122,1.00000000410962,0.723392633178178
175500.000005728,488.506797057779,1.0000000040445,0.724753272154116
175600.000005733,489.434067063897,1.00000000404943,0.723263316798894
175700.000005739,490.361459825988,1.00000000408821,0.724263582590385
175800.000005745,491.289470473744,1.00000000402066,0.723571379501205
175900.000005751,492.219937946737,1.00000000406355,0.722194435807496
176000.000005757,493.15385023934,1.00000000398281,0.722259472704606
176100.000005762,494.090222425827,1.00000000398629,0.723253416709631
176200.000005768,495.027254609274,1.00000000420793,0.725901763628116
176300.000005774,495.962819540416,1.0000000039381,0.726969231227331
176400.00000578,496.897602511278,1.00000000416751,0.72677091928844
176500.000005786,497.833202150265,1.0000000040253,0.727160856789244
176600.000005792,498.769614071631,1.0000000039106,0.725045897112506
176700.000005797,499.704219454376,1.00000000422552,0.725425997948556
176800.000005803,500.638972477998,1.00000000396573,0.723295596556738
176900.000005809,501.57605029811,1.00000000395209,0.719862681640009
177000.000005815,502.515782143161,1.00000000399315,0.720567678934113
177100.000005821,503.455974161871,1.00000000417852,0.724029164374538
177200.000005826,504.3946824023,1.00000000415189,0.724524441523144
177300.000005832,505.334294288646,1.0000000040091,0.721810681456621
177400.000005838,506.275818414753,1.0000000040861,0.722982139980676
177500.000005844,507.217588473052,1.00000000396547,0.721834877585166
177600.00000585,508.158905063549,1.0000000041052,0.723902443210382
177700.000005856,509.101505552779,1.00000000403558,0.723825471079468
177800.000005861,510.04886168603,1.00000000384573,0.721696592994108
177900.000005867,511.000232806562,1.00000000389546,0.723724231272744
178000.000005873,511.954766797153,1.00000000423523,0.723411407848936
178100.000005879,512.911751526039,1.00000000405739,0.721843568885856
178200.000005885,513.872400831565,1.00000000401511,0.722936105056944
178300.000005891,514.835812839714,1.00000000405789,0.722704162682204
178400.000005896,515.800590240414,1.00000000408617,0.724159029784796
178500.000005902,516.765206202991,1.00000000423578,0.724094495203586
178600.000005908,517.728071595848,1.00000000411762,0.724205788713958
178700.000005914,518.691342112877,1.00000000407125,0.724580749216475
178800.00000592,519.655332513214,1.00000000415235,0.725094896606028
178900.000005925,520.621256246033,1.00000000422357,0.725514873865004
179000.000005931,521.586712481481,1.00000000409266,0.725947636913766
179100.000005937,522.552258766374,1.00000000404459,0.725132536033647
179200.000005943,523.521354291619,1.0000000039682,0.723532712161968
179300.000005949,524.496135054923,1.00000000410417,0.721155961212804
179400.000005955,525.477785663358,1.00000000399534,0.718604677769432
179500.00000596,526.464940436883,1.0000000041508,0.717159332051454
179600.000005966,527.457308142794,1.00000000420226,0.718785149458803
179700.000005972,528.455387370191,1.00000000409644,0.721591737987928
179800.000005978,529.458640173603,1.00000000395815,0.722999231788132
179900.000005984,530.4654606999,1.00000000411327,0.725119321199768
180000.000005989,531.473218390877,1.00000000412232,0.724575123098714
180100.000005995,532.48103730502,1.00000000425175,0.726238439127582
180200.000006001,533.490225370167,1.00000000406779,0.724030508089016
180300.000006007,534.501577955306,1.00000000417456,0.722891588426585
180400.000006013,535.513004945261,1.00000000413462,0.725955018255405
180500.000006019,536.523823952194,1.00000000412537,0.725222044347305
180600.000006024,537.538461934102,1.00000000408975,0.723219944476052
180700.00000603,538.554374224294,1.00000000419764,0.723259493823399
180800.000006036,539.572016593774,1.00000000409137,0.723171249513997
180900.000006042,540.591035276308,1.00000000395928,0.722170331749092
181000.000006048,541.611630151918,1.00000000409869,0.725207977190897
181100.000006054,542.634358820136,1.00000000411433,0.724111469044147
181200.000006059,543.658204686803,1.00000000409046,0.723641611803331
181300.000006065,544.680955134589,1.00000000405993,0.725650344021442
181400.000006071,545.701278919259,1.00000000422277,0.727353245430848
181500.000006077,546.723017460365,1.00000000414474,0.725018804376473
181600.000006083,547.748057431412,1.00000000401793,0.721884643041232
181700.000006088,548.777391396403,1.00000000410862,0.721783006113841
181800.000006094,549.809285921947,1.0000000040325,0.724591955795062
181900.0000061,550.841589741442,1.00000000407945,0.725705457704154
182000.000006106,551.873998495315,1.000000004156,0.725565484003054
182100.000006112,552.906383510007,1.00000000416641,0.72639549526856
182200.000006118,553.938987650987,1.00000000412507,0.726703538219869
182300.000006123,554.970018544719,1.00000000411065,0.724607985420862
182400.000006129,556.001011155878,1.00000000404899,0.727793328345365
182500.000006135,557.0325741189,1.00000000421582,0.726167143119009
182600.000006141,558.066293087995,1.00000000419467,0.725494051296268
182700.000006147,559.103289966592,1.00000000412949,0.727019878894911
182800.000006152,560.142479216881,1.00000000416011,0.728812054374745
182900.000006158,561.185647341913,1.0000000041824,0.729033107689419
183000.000006164,562.232540831683,1.00000000407029,0.725479669193134
183100.00000617,563.282657932461,1.00000000409718,0.724089193600522
183200.000006176,564.333271510257,1.00000000404322,0.72593852308044
183300.000006182,565.384426722497,1.00000000405856,0.725319162674023
183400.000006187,566.437753088201,1.00000000412243,0.723587504022624
183500.000006193,567.494762636737,1.00000000403961,0.723179596907767
183600.000006199,568.553203575101,1.00000000418268,0.724502821592345
183700.000006205,569.610738131239,1.00000000412699,0.725577090076481
183800.000006211,570.667714996018,1.00000000412738,0.723859152929046
183900.000006216,571.72483237461,1.00000000422637,0.721947623831518
184000.000006222,572.781230871684,1.00000000420145,0.720674989927601
184100.000006228,573.836432028937,1.00000000409389,0.723212297636562
184200.000006234,574.890860197561,1.00000000416253,0.724259452693579
184300.00000624,575.94672501187,1.00000000426829,0.723999687235668
184400.000006246,577.005428428396,1.0000000042022,0.721665954329055
184500.000006251,578.066433982058,1.00000000419864,0.721095868189337
184600.000006257,579.128461503885,1.00000000415274,0.720611686038397
184700.000006263,580.192535459734,1.00000000418109,0.721742939764034
184800.000006269,581.259798258612,1.00000000427369,0.725052090238967
184900.000006275,582.328658340257,1.00000000424301,0.723819341407896
185000.000006281,583.400300218242,1.00000000419996,0.723073408860046
185100.000006286,584.474348814708,1.00000000424959,0.72288058539855
185200.000006292,585.552047750116,1.00000000423221,0.72311967387277
185300.000006298,586.634122921856,1.00000000413863,0.72206383254004
185400.000006304,587.720902782676,1.00000000403515,0.722162490650862
185500.00000631,588.811623169716,1.00000000412517,0.725192031645102
185600.000006315,589.905261303105,1.00000000419725,0.72565103620457
185700.000006321,591.001899459858,1.00000000409327,0.726127295644281
185800.000006327,592.101161859391,1.00000000424823,0.725793128888795
185900.000006333,593.201687390129,1.00000000423556,0.724346125705776
186000.000006339,594.301844958398,1.00000000413248,0.722429208299346
186100.000006345,595.401556117653,1.00000000423941,0.722894795469358
186200.00000635,596.503330433004,1.00000000422507,0.722132382274834
186300.000006356,597.609694435133,1.00000000430801,0.721913330364543
186400.000006362,598.719507431252,1.00000000439526,0.720840533676676
186500.000006368,599.834008530023,1.00000000428544,0.718451165840291
186600.000006374,600.955423319184,1.00000000402769,0.716374742647886
186700.000006379,602.083853964027,1.00000000421481,0.720738166481016
186800.000006385,603.216460594864,1.00000000417934,0.721556034996892
186900.000006391,604.351432079765,1.00000000408787,0.722482201520352
187000.000006397,605.489044129741,1.00000000424875,0.724244760232969
187100.000006403,606.630175294877,1.00000000430989,0.723093765314179
187200.000006409,607.772921399475,1.0000000040819,0.724801459729654
187300.000006414,608.914744489451,1.00000000424346,0.724218189953823
187400.00000642,610.056205470297,1.00000000403276,0.724276380936383
187500.000006426,611.199767868117,1.00000000410685,0.723274826224928
187600.000006432,612.347024628409,1.0000000041848,0.722864407542619
187700.000006438,613.496395847285,1.00000000420661,0.724912376737078
187800.000006444,614.647119767053,1.0000000043409,0.724710962353881
187900.000006449,615.798056823457,1.00000000418226,0.724120514042424
188000.000006455,616.949924318542,1.00000000429383,0.725153708917878
188100.000006461,618.103396232974,1.0000000040833,0.725111338278193
188200.000006467,619.260234886554,1.00000000414533,0.724380169950252
188300.000006473,620.419113799153,1.00000000443889,0.72327239774688
188400.000006478,621.57984878663,1.00000000441894,0.722456460559429
188500.000006484,622.743243526203,1.00000000428886,0.723837743155019
188600.00000649,623.909191236711,1.00000000432422,0.724075924316058
188700.000006496,625.076809085229,1.00000000427769,0.728492458086684
188800.000006502,626.243197203463,1.00000000430778,0.727483612829257
188900.000006508,627.408513552564,1.00000000428013,0.727363394082114
189000.000006513,628.574395236515,1.00000000429972,0.726811932913561
189100.000006519,629.739880668435,1.00000000425577,0.727832319316093
189200.000006525,630.904903277517,1.00000000429246,0.728696924469373
189300.000006531,632.070318382799,1.00000000439089,0.725301308020062
189400.000006537,633.237543721301,1.00000000427239,0.726691173328059
189500.000006542,634.407253331291,1.00000000421487,0.729267024256224
189600.000006548,635.57869656153,1.00000000444346,0.730095876741868
189700.000006554,636.750578284668,1.00000000432323,0.730054467314548
189800.00000656,637.923875325342,1.0000000044162,0.728859763099188
189900.000006566,639.10001130387,1.00000000427673,0.727517890018622
190000.000006572,640.279606594758,1.00000000433424,0.727217191208619
190100.000006577,641.462147735006,1.00000000438062,0.727047901373531
190200.000006583,642.646724376545,1.00000000426396,0.725472066390558
190300.000006589,643.834319859354,1.00000000437927,0.725759425329625
190400.000006595,645.024825145208,1.00000000432865,0.726122190736585
190500.000006601,646.216308172403,1.00000000419818,0.725880273230244
190600.000006606,647.408368055062,1.00000000432648,0.725785864186791
190700.000006612,648.60220918091,1.00000000431504,0.724378335874437
190800.000006618,649.798701522632,1.00000000425058,0.72251925533639
190900.000006624,651.000417401706,1.00000000424157,0.725558457225986
191000.00000663,652.206746184628,1.00000000426683,0.725727156208088
191100.000006636,653.416559783119,1.00000000442266,0.727613495827993
191200.000006641,654.628314568449,1.00000000427323,0.7256005106456
191300.000006647,655.841131423871,1.00000000421109,0.724747313424175
191400.000006653,657.054643889123,1.00000000428328,0.727070243890418
191500.000006659,658.2689113752,1.00000000439305,0.726600037081116
191600.000006665,659.483608584458,1.00000000441218,0.724271509455088
191700.000006671,660.698998473312,1.00000000444514,0.726597337116865
191800.000006676,661.914346530123,1.00000000423974,0.726951544821936
191900.000006682,663.12933594078,1.00000000459129,0.726414307697409
192000.000006688,664.34699551523,1.00000000423617,0.723507212421648
192100.000006694,665.566128388627,1.00000000436966,0.725250106325742
192200.0000067,666.785560438939,1.00000000447716,0.72778556323139
192300.000006705,668.00527539725,1.00000000436317,0.72601751656539
192400.000006711,669.224589022287,1.0000000044392,0.724714032967503
192500.000006717,670.445133205536,1.00000000429164,0.723057208842331
192600.000006723,671.666454779829,1.00000000427389,0.722101326767469
192700.000006729,672.887287955042,1.0000000043127,0.724655644528957
192800.000006735,674.106771193277,1.00000000422615,0.723761044589905
192900.00000674,675.325920883138,1.00000000430849,0.721722216476946
193000.000006746,676.546299227133,1.00000000431888,0.721164094442116
193100.000006752,677.768337140677,1.00000000439397,0.722417787233069
193200.000006758,678.991513870413,1.00000000429474,0.72253119286894
193300.000006764,680.216117624754,1.00000000439877,0.722234923219062
193400.000006769,681.443378919684,1.0000000044911,0.724379975149772
193500.000006775,682.672998294716,1.00000000427354,0.723794938022635
193600.000006781,683.904936544307,1.0000000043632,0.725186833030847
193700.000006787,685.14022821683,1.00000000433126,0.7263430714875
193800.000006793,686.376752309563,1.00000000448172,0.72431683816767
193900.000006799,687.615386358297,1.00000000454465,0.722002556348258
194000.000006804,688.856344972712,1.00000000446485,0.724846761051979
194100.00000681,690.100197028652,1.00000000423893,0.72213177797791
194200.000006816,691.346937809129,1.00000000436592,0.725133517704475
194300.000006822,692.596054577998,1.00000000452342,0.726042921939835
194400.000006828,693.84694507775,1.00000000426737,0.724884613930837
194500.000006833,695.098886061879,1.00000000432449,0.726785473841955
194600.000006839,696.351679577534,1.00000000439916,0.725126094887319
194700.000006845,697.605984332365,1.00000000438685,0.723863630951538
194800.000006851,698.861286428162,1.00000000448309,0.725529370990688
194900.000006857,700.116574924263,1.00000000443141,0.724790458728515
195000.000006863,701.372479759995,1.00000000437272,0.727837706178525
195100.000006868,702.629769329535,1.00000000445151,0.727393943910413
195200.000006874,703.889080598387,1.00000000450223,0.72759479716556
195300.00000688,705.150543147074,1.00000000439049,0.727313752660109
195400.000006886,706.413487284836,1.00000000433077,0.727779112578668
195500.000006892,707.677591188414,1.0000000045319,0.728567149546594
195600.000006898,708.942579342493,1.00000000432505,0.726697522559759
195700.000006903,710.208562485385,1.00000000445273,0.725577306961417
195800.000006909,711.475336811443,1.00000000456172,0.726042637801055
195900.000006915,712.742689855912,1.00000000453256,0.72682299663212
196000.000006921,714.010786042099,1.00000000441791,0.726042536147436
196100.000006927,715.279908228984,1.00000000445345,0.725035009200972
196200.000006932,716.552024895944,1.00000000456991,0.724493901545546
196300.000006938,717.826883420855,1.00000000429866,0.725836645256879
196400.000006944,719.104105614463,1.00000000425469,0.728176861048878
196500.00000695,720.383467158016,1.00000000448597,0.727744263032531
196600.000006956,721.664072263275,1.00000000437528,0.727756104702584
196700.000006962,722.945578077365,1.00000000457032,0.728361139246916
196800.000006967,724.227106312279,1.00000000439476,0.725963295610819
196900.000006973,725.510143088172,1.00000000442693,0.72464937164245
197000.000006979,726.795478745897,1.00000000444256,0.723666895996235
197100.000006985,728.083359227456,1.00000000431714,0.723180868579238
197200.000006991,729.373754092474,1.00000000447566,0.726267209414167
197300.000006996,730.666456976544,1.00000000429801,0.727747473910641
197400.000007002,731.961096868221,1.00000000452236,0.726329236194339
197500.000007008,733.256019788185,1.00000000430994,0.726395478454052
197600.000007014,734.551886083207,1.00000000440149,0.728740894377578
197700.00000702,735.849519259658,1.00000000465039,0.727141770192667
197800.000007026,737.148535787049,1.00000000440517,0.726707959696426
197900.000007031,738.448722550085,1.00000000439644,0.72853597396734
198000.000007037,739.749031234057,1.00000000448305,0.728999569903628
198100.000007043,741.050066429938,1.0000000044902,0.727719087124021
198200.000007049,742.351784569866,1.00000000458942,0.728234791373388
198300.000007055,743.655088876977,1.000000004453,0.727677296959074
198400.000007061,744.958908196763,1.0000000044785,0.726390906310849
198500.000007066,746.264745981484,1.00000000444388,0.727417081453763
198600.000007072,747.571590169901,1.00000000437329,0.7295864639929
198700.000007078,748.878717802202,1.00000000443219,0.728791457477546
198800.000007084,750.188364851836,1.00000000441376,0.727231550884528
198900.00000709,751.500124459477,1.0000000044666,0.729402442189302
199000.000007095,752.813866466585,1.00000000449105,0.72916549413161
199100.000007101,754.128210936738,1.0000000046857,0.72771601438273
199200.000007107,755.445498624841,1.00000000449821,0.72707530500872
199300.000007113,756.765016972201,1.00000000446887,0.726038100972678
199400.000007119,758.088835102976,1.00000000444465,0.723778983783994
199500.000007125,759.416465044061,1.00000000455846,0.724020940465553
199600.00000713,760.746499511975,1.00000000441297,0.726403875480906
199700.000007136,762.079846971792,1.00000000437591,0.726886531081396
199800.000007142,763.4156547458,1.00000000449462,0.726912005650634
199900.000007148,764.753922646558,1.00000000450777,0.726759899754874
200000.000007154,766.094978542014,1.0000000045334,0.725506576469122
200100.000007159,767.439838983087,1.00000000437138,0.723032266581238
200200.000007165,768.788584771841,1.000000004457,0.724715544756493
200300.000007171,770.139147155641,1.00000000454696,0.72613162024553
200400.000007177,771.491105856375,1.00000000460669,0.727059288789615
200500.000007183,772.845215745222,1.00000000441756,0.727669873613704
200600.000007189,774.201202310614,1.00000000461098,0.727275217611929
200700.000007194,775.559240148007,1.00000000467243,0.726224377714456
200800.0000072,776.919399626267,1.0000000045265,0.724354584317215
200900.000007206,778.283333042508,1.0000000043639,0.723327203894769
201000.000007212,779.651199020033,1.00000000460441,0.725197585756671
201100.000007218,781.023646368616,1.00000000452192,0.724599469308815
201200.000007223,782.399953671956,1.00000000446319,0.726526674147849
201300.000007229,783.780504414058,1.00000000454115,0.727497130664853
201400.000007235,785.162671911029,1.00000000434556,0.73022422626364
201500.000007241,786.547259035673,1.00000000461862,0.729340032239749
201600.000007247,787.934581341865,1.00000000453674,0.729993712769988
201700.000007253,789.323189825017,1.00000000455647,0.728872043444364
201800.000007258,790.7137027678,1.00000000460454,0.728377524744921
201900.000007264,792.10457497986,1.00000000468818,0.73082939704563
202000.00000727,793.495873599779,1.00000000454693,0.730527910566338
202100.000007276,794.886821403883,1.00000000461771,0.72851913278559
202200.000007282,796.278385208394,1.00000000456355,0.728089255756577
202300.000007288,797.67110544403,1.00000000452775,0.728861214025582
202400.000007293,799.065977207016,1.00000000452484,0.729900454228622
202500.000007299,800.462462309543,1.00000000472243,0.728750390949568
202600.000007305,801.85976973445,1.00000000463046,0.729076017151003
202700.000007311,803.258644408153,1.00000000460201,0.727691597279104
202800.000007317,804.660857373132,1.00000000454249,0.727233671749214
202900.000007322,806.066217155536,1.00000000453596,0.726259819902917
203000.000007328,807.474621095045,1.00000000459118,0.726882133692888
203100.000007334,808.884459221444,1.00000000440662,0.727333350774721
203200.00000734,810.296469793538,1.00000000464051,0.728370209701992
203300.000007346,811.711666919665,1.00000000465332,0.726709944285111
203400.000007352,813.128664451798,1.00000000454841,0.724563914624745
203500.000007357,814.545232837861,1.00000000462275,0.727737747967107
203600.000007363,815.959499519583,1.00000000485242,0.730301553996825
203700.000007369,817.372686822839,1.00000000473095,0.729726475678332
203800.000007375,818.785829041704,1.00000000466327,0.727212585787804
203900.000007381,820.198812526989,1.00000000462636,0.728313241750241
204000.000007386,821.611113747913,1.00000000475143,0.729408591263464
204100.000007392,823.022871548253,1.00000000471292,0.730802537619015
204200.000007398,824.434669508017,1.00000000473464,0.730700059756105
204300.000007404,825.847621848856,1.00000000462415,0.731382495368116
204400.00000741,827.262521505758,1.00000000448977,0.732357072733157
204500.000007416,828.677617581761,1.00000000460899,0.73246348568231
204600.000007421,830.093776202383,1.00000000447066,0.731783460425119
204700.000007427,831.511509552351,1.00000000456403,0.730762974792332
204800.000007433,832.929338032331,1.00000000457918,0.730476250296825
204900.000007439,834.347559108607,1.00000000460882,0.731261466416543
205000.000007445,835.767135982605,1.00000000482882,0.729895696419059
205100.00000745,837.189787433244,1.00000000460852,0.729484021712125
205200.000007456,838.614393603945,1.00000000468639,0.730030586122459
205300.000007462,840.041768799624,1.00000000464446,0.728920425712262
205400.000007468,841.471159724055,1.0000000045606,0.730956725176322
205500.000007474,842.901765901856,1.00000000466627,0.72914806551971
205600.00000748,844.334774388666,1.00000000466319,0.728916745699579
205700.000007485,845.771592209602,1.00000000447914,0.726631309557191
205800.000007491,847.21401705545,1.00000000461089,0.726716445130539
205900.000007497,848.661283190852,1.00000000448945,0.727194160673594
206000.000007503,850.112574803555,1.00000000451847,0.730805165570485
206100.000007509,851.567582704256,1.0000000046863,0.730721530748138
206200.000007515,853.025707338789,1.00000000467764,0.729802453860147
206300.00000752,854.48606509677,1.00000000476238,0.730393323990374
206400.000007526,855.948097348748,1.00000000466482,0.729142082581244
206500.000007532,857.413534723068,1.00000000474994,0.732263855081018
206600.000007538,858.881762285781,1.00000000454016,0.731088612829591
206700.000007544,860.35446910362,1.00000000464657,0.729178495714209
206800.000007549,861.832853148553,1.00000000466222,0.728361704388181
206900.000007555,863.315247621823,1.00000000448614,0.729688500161997
207000.000007561,864.800402935674,1.00000000462987,0.731103603070453
207100.000007567,866.287305518375,1.00000000466705,0.733263836281202
207200.000007573,867.775730408986,1.00000000476259,0.733520572854085
207300.000007579,869.265531781503,1.0000000046031,0.732464268044338
207400.000007584,870.757753933645,1.00000000458242,0.731475290127663
207500.00000759,872.253495188888,1.00000000481835,0.731073275034287
207600.000007596,873.752753543168,1.00000000467983,0.7309018370901
207700.000007602,875.255969019934,1.0000000048252,0.732491621870163
207800.000007608,876.763048817634,1.00000000464801,0.731369289533682
207900.000007613,878.274804649825,1.00000000466871,0.7303003598735
208000.000007619,879.790582308462,1.00000000477329,0.730731188959723
208100.000007625,881.31029167371,1.00000000467476,0.732606450141855
208200.000007631,882.831711931209,1.00000000470098,0.73343552601685
208300.000007637,884.353767820662,1.00000000456702,0.732998823276584
208400.000007643,885.87581304704,1.00000000482583,0.732702793827704
208500.000007648,887.39898205381,1.00000000488622,0.732570500921621
208600.000007654,888.923074206994,1.0000000046177,0.731519782953882
208700.00000766,890.449157782507,1.00000000465835,0.732404545541143
208800.000007666,891.977807749554,1.00000000481421,0.732180187857809
208900.000007672,893.510164903664,1.00000000467236,0.731931193970138
209000.000007678,895.045023372102,1.00000000472865,0.731657944203075
209100.000007683,896.581600996655,1.00000000474158,0.730381922039182
209200.000007689,898.119317379648,1.00000000467126,0.730859129681431
209300.000007695,899.656293130274,1.00000000474581,0.731437217595359
209400.000007701,901.19390654759,1.00000000481407,0.732193064584074
209500.000007707,902.730042675308,1.00000000474433,0.732476911094996
209600.000007712,904.26596719669,1.00000000473858,0.733859421660675
209700.000007718,905.802783685348,1.00000000482639,0.731545909848456
209800.000007724,907.343021571642,1.00000000453469,0.730256950968446
209900.00000773,908.88589959357,1.00000000472711,0.729175177595018
210000.000007736,910.432907664936,1.0000000047584,0.729073349017501
210100.000007742,911.983227832008,1.00000000491689,0.72958233420494
210200.000007747,913.537087666649,1.000000004733,0.730610741551283
210300.000007753,915.092576362072,1.00000000474089,0.730219829097591
210400.000007759,916.650182155286,1.00000000488972,0.730213660282439
210500.000007765,918.207811928049,1.00000000486537,0.732098673367068
210600.000007771,919.766189201101,1.00000000468851,0.731030970401994
210700.000007776,921.325134009787,1.00000000464569,0.733518521135187
210800.000007782,922.88685359285,1.00000000472854,0.730884748219999
210900.000007788,924.450888727064,1.00000000470885,0.730265331871432
211000.000007794,926.016774803769,1.00000000476347,0.728925836471189
211100.0000078,927.584733820961,1.00000000492194,0.729349711663229
211200.000007806,929.154629379071,1.00000000465179,0.7312819356341
211300.000007811,930.727545787688,1.0000000047749,0.731144577853656
211400.000007817,932.302000746898,1.00000000474824,0.731818170808254
211500.000007823,933.878327828664,1.00000000487619,0.730865321782082
211600.000007829,935.455908728994,1.00000000496131,0.731527573898032
211700.000007835,937.034634330825,1.00000000485669,0.730820345332392
211800.00000784,938.614955585171,1.00000000473484,0.733118149955971
211900.000007846,940.196617066398,1.00000000477864,0.733558023966202
212000.000007852,941.780482696202,1.00000000484149,0.734077845434805
212100.000007858,943.367220670369,1.00000000467644,0.733937807960632
212200.000007864,944.956874580553,1.0000000048076,0.729638937171314
212300.00000787,946.550194291084,1.00000000489501,0.729966750541921
212400.000007875,948.146932721816,1.00000000472993,0.73196460973299
212500.000007881,949.746656626109,1.00000000471998,0.734449066441982
212600.000007887,951.347816683166,1.00000000475889,0.734925454371751
212700.000007893,952.951029627334,1.00000000475383,0.734508355954763
212800.000007899,954.556690963757,1.00000000476966,0.733807412473684
212900.000007905,956.166583259301,1.00000000470378,0.730451476953525
213000.00000791,957.780758391948,1.00000000490646,0.732163271270583
213100.000007916,959.398080967397,1.0000000047682,0.73148393477252
213200.000007922,961.018760001394,1.0000000047995,0.731432636110376
213300.000007928,962.644382180568,1.00000000494429,0.729231157559903
213400.000007934,964.273532209194,1.0000000045965,0.729565632261803
213500.000007939,965.904883459543,1.00000000500188,0.729738442738963
213600.000007945,967.537635894226,1.0000000048324,0.732160615475211
213700.000007951,969.171468061414,1.00000000491337,0.733981177319913
213800.000007957,970.805210649154,1.00000000478838,0.732105979881762
213900.000007963,972.440403445837,1.00000000484806,0.732097851385921
214000.000007969,974.076410341036,1.00000000495499,0.732602380980619
214100.000007974,975.713165058221,1.00000000478207,0.732955489191631
214200.00000798,977.350857950412,1.00000000500908,0.733210520650865
214300.000007986,978.989317351943,1.00000000489367,0.732973703857422
214400.000007992,980.628039091258,1.00000000481586,0.73223591187741
214500.000007998,982.267513506171,1.0000000048099,0.732332653729833
214600.000008003,983.908684946715,1.00000000495489,0.73248251611616
214700.000008009,985.551645852222,1.00000000486662,0.732165196267451
214800.000008015,987.196415653622,1.00000000482629,0.732384365346814
214900.000008021,988.844557802415,1.00000000486667,0.732612234492372
215000.000008027,990.496365400537,1.00000000473133,0.733267367015041
215100.000008033,992.15239655818,1.00000000477328,0.733252622335731
215200.000008038,993.811550737566,1.00000000475388,0.733533396408038
215300.000008044,995.472661668936,1.00000000495399,0.732122933983094
215400.00000805,997.13580435641,1.0000000049544,0.732029097046019
215500.000008056,998.802305728685,1.00000000477823,0.731584499795141
215600.000008062,1000.4722843528,1.00000000473846,0.732494526312787
215700.000008067,1002.14547450441,1.00000000484224,0.731255529371043
215800.000008073,1003.82262965022,1.00000000494257,0.732446166866744
215900.000008079,1005.50223319369,1.00000000490353,0.732387318871363
216000.000008085,1007.18383440908,1.00000000484463,0.73413917530297
216100.000008091,1008.86613368029,1.00000000508388,0.733836186749775
216200.000008097,1010.55027519459,1.00000000488833,0.732813463151949
216300.000008102,1012.23659999398,1.00000000498057,0.732752769997116
216400.000008108,1013.92390193859,1.0000000050085,0.734528601988412
216500.000008114,1015.61164370529,1.00000000496482,0.734139457321988
216600.00000812,1017.30153343739,1.00000000495922,0.730892305210179
216700.000008126,1018.99424871498,1.00000000475671,0.731515692486455
216800.000008132,1020.68883268141,1.00000000474256,0.731316077252853
216900.000008137,1022.3857710947,1.00000000488929,0.731319211685364
217000.000008143,1024.08595969295,1.00000000497632,0.732042293179797
217100.000008149,1025.78923206248,1.00000000489327,0.732554332477762
217200.000008155,1027.49523973962,1.00000000475722,0.73069779661092
217300.000008161,1029.2027924922,1.00000000493677,0.731395917863762
217400.000008166,1030.91129176746,1.00000000496172,0.732618260723522
217500.000008172,1032.62094906503,1.00000000492743,0.731787912534505
217600.000008178,1034.33290808255,1.00000000481845,0.729541262605727
217700.000008184,1036.04748917443,1.00000000479956,0.730134023469284
217800.00000819,1037.76436129466,1.00000000481389,0.731665221849824
217900.000008196,1039.48454487797,1.00000000486018,0.731385476325842
218000.000008201,1041.20681899999,1.00000000494953,0.733592419853781
218100.000008207,1042.93009571522,1.00000000491444,0.733242457419268
218200.000008213,1044.65417276558,1.00000000472399,0.733751664159012
218300.000008219,1046.37955273439,1.00000000482159,0.731286036980022
218400.000008225,1048.10621692346,1.00000000501486,0.732109652197207
218500.00000823,1049.83386381374,1.00000000500149,0.73280319654152
218600.000008236,1051.56217576656,1.00000000480308,0.733468001105593
218700.000008242,1053.29084865663,1.00000000496683,0.73461136740117
218800.000008248,1055.02127295984,1.00000000504246,0.733658987086693
218900.000008254,1056.75372104676,1.00000000510227,0.734410802937826
219000.00000826,1058.4875171145,1.0000000048541,0.736182227927817
219100.000008265,1060.22362609651,1.00000000485713,0.735653987386876
219200.000008271,1061.96177548848,1.00000000512773,0.734610448522333
219300.000008277,1063.70084589949,1.00000000497616,0.734969798181484
219400.000008283,1065.44161338595,1.00000000498859,0.735463793229775
219500.000008289,1067.1848808681,1.00000000507089,0.734704468613539
219600.000008295,1068.93065340788,1.00000000498627,0.734057082683803
219700.0000083,1070.67801168787,1.00000000500044,0.733287520278304
219800.000008306,1072.42628367218,1.00000000491891,0.733682223163179
219900.000008312,1074.17571211504,1.00000000496943,0.734519198406004
220000.000008318,1075.92707010311,1.00000000482312,0.733842302085525
220100.000008324,1077.68057626775,1.00000000498134,0.732434144108933
220200.000008329,1079.43771260229,1.00000000486636,0.733259457596915
220300.000008335,1081.19747603416,1.00000000503597,0.733835655463994
220400.000008341,1082.96002596583,1.0000000049792,0.733654988602855
220500.000008347,1084.72549131471,1.00000000507212,0.734217877128927
220600.000008353,1086.49279037396,1.00000000503039,0.73503900270751
220700.000008359,1088.26142751615,1.000000004841,0.734493551405246
220800.000008364,1090.03254370644,1.00000000491461,0.734245972466695
220900.00000837,1091.80527224907,1.00000000505629,0.732844344282086
221000.000008376,1093.5798987364,1.00000000478054,0.732685090650876
221100.000008382,1095.3552729796,1.00000000497974,0.733840775956598
221200.000008388,1097.13100568638,1.00000000498145,0.735139907147048
221300.000008393,1098.90842503067,1.00000000503976,0.735817213238892
221400.000008399,1100.68807480757,1.00000000493771,0.734985553520169
221500.000008405,1102.46935182704,1.00000000505925,0.734585787001018
221600.000008411,1104.25050625241,1.00000000511017,0.7329832086188
221700.000008417,1106.03345663541,1.00000000498173,0.734080109817773
221800.000008423,1107.81721252149,1.00000000505134,0.735651990402103
221900.000008428,1109.6032915815,1.00000000494747,0.734975052489459
222000.000008434,1111.39170701247,1.00000000508625,0.736207231554625
222100.00000844,1113.18301959606,1.00000000522862,0.735295659814434
222200.000008446,1114.97862303528,1.00000000492442,0.734964404864612
222300.000008452,1116.77844313031,1.00000000512697,0.735550621755012
222400.000008457,1118.58139652691,1.00000000489073,0.734040925087179
222500.000008463,1120.38748189901,1.0000000050797,0.732965673672957
222600.000008469,1122.1968812909,1.00000000499529,0.734923770369933
222700.000008475,1124.01030950593,1.00000000513936,0.735239523271776
222800.000008481,1125.82648025176,1.00000000511965,0.735349684984391
222900.000008487,1127.64413802339,1.0000000049187,0.73603900948088
223000.000008492,1129.46252526089,1.0000000051945,0.735383782456068
223100.000008498,1131.28165333117,1.00000000490955,0.737114430611094
223200.000008504,1133.10166421973,1.00000000507976,0.735217802947143
223300.00000851,1134.92364019784,1.00000000496107,0.736016148743833
223400.000008516,1136.74806388177,1.00000000497797,0.735836651609985
223500.000008522,1138.57528505671,1.00000000494349,0.73681674905245
223600.000008527,1140.40641261205,1.00000000506211,0.736739346322227
223700.000008533,1142.24007894348,1.00000000498904,0.735649829995893
223800.000008539,1144.07650554341,1.00000000506024,0.734351134284247
223900.000008545,1145.91735842819,1.00000000495944,0.734426655461735
224000.000008551,1147.7632055815,1.00000000509046,0.73394852627543
224100.000008556,1149.61199783606,1.00000000503018,0.734631051844625
224200.000008562,1151.46286012291,1.00000000506368,0.733662574964847
224300.000008568,1153.31716108834,1.00000000513895,0.733649530080987
224400.000008574,1155.17375459533,1.00000000504108,0.734361832217698
224500.00000858,1157.03360499748,1.00000000493377,0.733297996185176
224600.000008586,1158.89788648149,1.00000000506596,0.730773710325317
224700.000008591,1160.76676253028,1.00000000518853,0.734266925589833
224800.000008597,1162.63951342401,1.00000000492312,0.733367080944128
224900.000008603,1164.51570067915,1.00000000505908,0.735559288184199
225000.000008609,1166.39406905442,1.00000000518088,0.7353311770336
225100.000008615,1168.27553197111,1.00000000517586,0.734444061520256
225200.00000862,1170.15896335989,1.0000000050898,0.735801667722858
225300.000008626,1172.04364171485,1.00000000521894,0.735062195918135
225400.000008632,1173.92941915576,1.00000000512731,0.734578455282312
225500.000008638,1175.81734207258,1.00000000509653,0.735248920789103
225600.000008644,1177.70562993598,1.00000000517392,0.735368699831433
225700.00000865,1179.59341323651,1.00000000518981,0.734148839791413
225800.000008655,1181.4809768306,1.00000000516838,0.734259731555903
225900.000008661,1183.36959429864,1.00000000499853,0.733994521902381
226000.000008667,1185.26088221073,1.00000000510043,0.736128914333413
226100.000008673,1187.15323839399,1.00000000509962,0.7340010246312
226200.000008679,1189.04674086301,1.00000000509816,0.733999726211624
226300.000008684,1190.94044824898,1.000000004942,0.735141595347953
226400.00000869,1192.83590891782,1.00000000521048,0.734950849727176
226500.000008696,1194.73163102125,1.00000000508127,0.734751148421321
226600.000008702,1196.62795717153,1.00000000507156,0.735986897227983
226700.000008708,1198.52533220679,1.00000000504771,0.734316049778536
226800.000008714,1200.42401904053,1.00000000518545,0.735581904327626
226900.000008719,1202.32403013069,1.00000000512561,0.73517459947221
227000.000008725,1204.22564916044,1.00000000515731,0.733935991142186
227100.000008731,1206.12828104115,1.00000000506988,0.733276651411769
227200.000008737,1208.03244678731,1.00000000518701,0.735089808878057
227300.000008743,1209.93765805566,1.00000000519193,0.735879189552821
227400.000008749,1211.844139174,1.00000000521403,0.7355358756004
227500.000008754,1213.75174233053,1.00000000499353,0.735292679265175
227600.00000876,1215.65991705515,1.00000000510429,0.735029335498742
227700.000008766,1217.56987623127,1.0000000050846,0.734633642430418
227800.000008772,1219.48149294496,1.0000000051402,0.73554280644875
227900.000008778,1221.39369579495,1.00000000505861,0.735690352276203
228000.000008783,1223.30758987132,1.00000000520478,0.734509974736178
228100.000008789,1225.22463721942,1.00000000502389,0.73510888771787
228200.000008795,1227.14538265353,1.00000000508161,0.734611748052446
228300.000008801,1229.06927345775,1.0000000050028,0.73469191128334
228400.000008807,1230.99600117314,1.00000000516619,0.733979505345145
228500.000008813,1232.92602090985,1.00000000518199,0.734414009151935
228600.000008818,1234.8600163814,1.00000000522325,0.73396186515502
228700.000008824,1236.79698358373,1.00000000499145,0.734253138956518
228800.00000883,1238.7350297983,1.00000000513373,0.734512515297135
228900.000008836,1240.67606829367,1.00000000513731,0.733895904984177
229000.000008842,1242.62062183182,1.00000000525861,0.732981348032561
229100.000008847,1244.56989795971,1.00000000518706,0.733397944055145
229200.000008853,1246.52316885387,1.0000000051791,0.733524622657732
229300.000008859,1248.4824614706,1.00000000511343,0.732102167035939
229400.000008865,1250.44880259975,1.00000000513213,0.732648769383873
229500.000008871,1252.4206332374,1.00000000516368,0.734039883580711
229600.000008877,1254.39674684238,1.00000000531081,0.734405598519271
229700.000008882,1256.3764990385,1.0000000050028,0.734139164510924
229800.000008888,1258.36131581659,1.00000000506947,0.734545596952406
229900.000008894,1260.35204289464,1.00000000517283,0.735146979281907
230000.0000089,1262.34795540502,1.00000000514679,0.73532889291387
230100.000008906,1264.34884385389,1.00000000518068,0.734428708571245
230200.000008912,1266.35464567775,1.00000000530353,0.734534765919491
230300.000008917,1268.36454148461,1.00000000513143,0.735681275911323
230400.000008923,1270.37557468834,1.00000000530829,0.737302095355403
230500.000008929,1272.38791166444,1.00000000513369,0.737531210859979
230600.000008935,1274.40281584029,1.00000000537014,0.736537244912205
230700.000008941,1276.42005265256,1.00000000533287,0.736994897729314
230800.000008946,1278.43786883215,1.0000000052877,0.737142130525211
230900.000008952,1280.45661548399,1.00000000520631,0.734328859652186
231000.000008958,1282.47697271054,1.00000000529907,0.734525673711413
231100.000008964,1284.49794824604,1.00000000534937,0.736452374270729
231200.00000897,1286.51956047151,1.00000000514415,0.736691147639327
231300.000008976,1288.54253186275,1.0000000053096,0.736139484906647
231400.000008981,1290.56723881223,1.00000000531611,0.735327044106549
231500.000008987,1292.59389045293,1.00000000508704,0.737391601664829
231600.000008993,1294.62143223611,1.00000000519395,0.736733225661155
231700.000008999,1296.65201411746,1.00000000530482,0.734586009840027
231800.000009005,1298.68545545155,1.00000000504976,0.73451067613609
231900.00000901,1300.7221691789,1.00000000529123,0.735047588205154
232000.000009016,1302.76214005725,1.00000000512305,0.735984718450161
232100.000009022,1304.80547495464,1.00000000515856,0.735595124399089
232200.000009028,1306.85234935762,1.00000000524529,0.735979303155388
232300.000009034,1308.90088595186,1.00000000523,0.735822835637842
232400.00000904,1310.95230060335,1.00000000529998,0.734661753499929
232500.000009045,1313.00693840263,1.00000000517308,0.733828856316655
232600.000009051,1315.06678533908,1.00000000519595,0.733247153692198
232700.000009057,1317.1312262163,1.00000000512395,0.733261446852274
232800.000009063,1319.19979147495,1.00000000537465,0.732882356175908
232900.000009069,1321.27398338655,1.00000000540437,0.733194858159752
233000.000009074,1323.35263386521,1.0000000053332,0.73284668597711
233100.00000908,1325.43562582053,1.00000000527253,0.734071471467655
233200.000009086,1327.52283319589,1.00000000525633,0.734627844853419
233300.000009092,1329.61430982495,1.0000000053502,0.734602576913586
233400.000009098,1331.70985729206,1.00000000518129,0.734298293475423
233500.000009104,1333.80888100072,1.00000000531168,0.734245542102555
233600.000009109,1335.91347498544,1.00000000523815,0.735270894973
233700.000009115,1338.02350154136,1.0000000050939,0.735700719775677
233800.000009121,1340.13920609835,1.000000005219,0.73482235779126
233900.000009127,1342.25998072935,1.00000000524148,0.735193274453055
234000.000009133,1344.38553530532,1.00000000542836,0.736131048846303
234100.000009139,1346.51606568592,1.00000000507584,0.737585603558278
234200.000009144,1348.64967455977,1.00000000529352,0.738162838624483
234300.00000915,1350.78525092776,1.00000000535632,0.737127112019105
234400.000009156,1352.92229568155,1.00000000533392,0.736651220535795
234500.000009162,1355.06317128893,1.00000000535412,0.738055577347908
234600.000009168,1357.20660443749,1.00000000545489,0.738223964835347
234700.000009173,1359.35084637914,1.00000000525328,0.73771314294915
234800.000009179,1361.49484409441,1.00000000541474,0.737411448524914
234900.000009185,1363.63893652157,1.00000000519411,0.737585107477116
235000.000009191,1365.785057636,1.00000000548661,0.736286675331163
235100.000009197,1367.93208244113,1.00000000538246,0.737664762467055
235200.000009203,1370.07972171254,1.00000000534136,0.739439911608827
235300.000009208,1372.22808925024,1.00000000528097,0.739197342366985
235400.000009214,1374.37753305606,1.00000000545368,0.737365338845302
235500.00000922,1376.52839207687,1.00000000535653,0.736694271053575
235600.000009226,1378.67856728402,1.00000000548687,0.738921681996001
235700.000009232,1380.82955971012,1.00000000528589,0.739181893137751
235800.000009237,1382.98212348483,1.00000000530586,0.737906063529094
235900.000009243,1385.13624223944,1.00000000551085,0.737487233049851
236000.000009249,1387.2900699998,1.00000000529705,0.737429138932462
236100.000009255,1389.44401482944,1.0000000052352,0.73718464559465
236200.000009261,1391.60018580639,1.00000000533062,0.738319051533203
236300.000009267,1393.75751002871,1.00000000532583,0.73865421679036
236400.000009272,1395.91486024985,1.00000000540089,0.737720793839585
236500.000009278,1398.07212464752,1.00000000529417,0.737249583762311
236600.000009284,1400.23028530853,1.00000000534863,0.737013402138266
236700.00000929,1402.39081598492,1.00000000536915,0.737302712564404
236800.000009296,1404.55320706119,1.00000000529288,0.737614063446549
236900.000009301,1406.71742191069,1.00000000527553,0.739382752048933
237000.000009307,1408.88146869527,1.00000000519265,0.740072538459122
237100.000009313,1411.04723342581,1.00000000525143,0.740055276260032
237200.000009319,1413.215800152,1.00000000534863,0.740009489696644
237300.000009325,1415.38679710012,1.00000000526399,0.738757445165293
237400.000009331,1417.56041686834,1.00000000540298,0.738532472187831
237500.000009336,1419.73627554571,1.00000000531875,0.738615416204852
237600.000009342,1421.91558464577,1.00000000541632,0.738582471465388
237700.000009348,1424.09679573866,1.00000000537184,0.737087024390269
237800.000009354,1426.28044755585,1.00000000549984,0.736891611319452
237900.00000936,1428.466390516,1.00000000518385,0.737342348252206
238000.000009366,1430.65549847918,1.00000000537532,0.735618731937416
238100.000009371,1432.84909587118,1.00000000533054,0.736498211582754
238200.000009377,1435.044797671,1.00000000535114,0.737554512797493
238300.000009383,1437.24380656259,1.00000000540494,0.738176508534629
238400.000009389,1439.44448818229,1.00000000536617,0.73761822874777
238500.000009395,1441.64783862363,1.00000000540142,0.739123539570663
238600.0000094,1443.85376978919,1.00000000538666,0.738923027011267
238700.000009406,1446.06197372791,1.0000000053656,0.740202056778677
238800.000009412,1448.27279737177,1.000000005472,0.739193297202111
238900.000009418,1450.48631245735,1.00000000542527,0.738392827030804
239000.000009424,1452.70374567793,1.00000000527214,0.735985272836882
239100.00000943,1454.92534507037,1.00000000527216,0.736865196265491
239200.000009435,1457.15036419087,1.00000000542331,0.737333800450055
239300.000009441,1459.37842154554,1.00000000536466,0.738540563918924
239400.000009447,1461.60722811275,1.00000000549082,0.738782847672283
239500.000009453,1463.83850202422,1.00000000537246,0.737906784986184
239600.000009459,1466.07022249281,1.0000000054123,0.738088471020786
239700.000009464,1468.30366111467,1.00000000545751,0.73682508595976
239800.00000947,1470.53699755955,1.00000000542946,0.736352869893333
239900.000009476,1472.77182376784,1.00000000533894,0.736800038092072
240000.000009482,1475.00787231253,1.00000000541898,0.738256306202529
240100.000009488,1477.24425791807,1.00000000530005,0.73768810690525
240200.000009494,1479.48222310135,1.0000000054189,0.73774182454076
240300.000009499,1481.72013230087,1.00000000553651,0.737811936796498
240400.000009505,1483.96001187951,1.00000000567851,0.737394344722319
240500.000009511,1486.20223481635,1.00000000552724,0.735614155517202
240600.000009517,1488.4469527186,1.00000000551781,0.734630622760283
240700.000009523,1490.69319880493,1.00000000531614,0.736610084670131
240800.000009529,1492.94107513719,1.00000000549595,0.737003390555858
240900.000009534,1495.19255411837,1.00000000542399,0.737035753535873
241000.00000954,1497.4468739756,1.00000000529033,0.738103810231511
241100.000009546,1499.7037973141,1.00000000549893,0.737097103577799
241200.000009552,1501.96380680074,1.00000000533162,0.736248420844962
241300.000009558,1504.2270767385,1.00000000549251,0.737333752079504
241400.000009563,1506.49359628349,1.00000000548408,0.737914432837376
241500.000009569,1508.7633015876,1.0000000054639,0.737339501614771
241600.000009575,1511.03647143374,1.00000000553677,0.738455765907708
241700.000009581,1513.31178429754,1.00000000537616,0.738007163684427
241800.000009587,1515.5903670886,1.00000000533545,0.735981252614123
241900.000009593,1517.87196197723,1.00000000547267,0.737502788936787
242000.000009598,1520.1555286857,1.00000000553079,0.73947309908395
242100.000009604,1522.44071157115,1.00000000529861,0.739026688871933
242200.00000961,1524.72707971038,1.00000000548417,0.739196408996899
242300.000009616,1527.01626000001,1.00000000533197,0.737504869001612
242400.000009622,1529.30763920654,1.00000000525688,0.738898777262857
242500.000009627,1531.60075705564,1.00000000537432,0.739859950368167
242600.000009633,1533.89424824396,1.00000000545764,0.739685799833074
242700.000009639,1536.1886377631,1.00000000545936,0.739549877353041
242800.000009645,1538.4849153416,1.00000000559325,0.739320116861867
242900.000009651,1540.78189324755,1.00000000556463,0.739250589919278
243000.000009657,1543.07911068738,1.00000000543008,0.738359720465488
243100.000009662,1545.3775950053,1.0000000054383,0.738708358928322
243200.000009668,1547.67713811601,1.00000000544578,0.73955701195727
243300.000009674,1549.97730418616,1.00000000565016,0.740547522684791
243400.00000968,1552.27592269145,1.00000000551591,0.740541545445325
243500.000009686,1554.57472220176,1.00000000538772,0.739017197588482
243600.000009691,1556.87459002388,1.00000000555657,0.738782145428667
243700.000009697,1559.17537145667,1.00000000536434,0.740241104949575
243800.000009703,1561.47696711499,1.00000000547155,0.739021116856881
243900.000009709,1563.78021641491,1.00000000540937,0.736642333029356
244000.000009715,1566.08762314265,1.00000000537801,0.734810896984865
244100.000009721,1568.3982310008,1.00000000556747,0.735944674227473
244200.000009726,1570.71116921679,1.00000000564503,0.737106108087795
244300.000009732,1573.02659049259,1.00000000560858,0.73644803663643
244400.000009738,1575.34523770225,1.00000000538889,0.738176793205546
244500.000009744,1577.66654092055,1.00000000530684,0.738097358062261
244600.00000975,1579.98976923404,1.00000000557089,0.739015334454855
244700.000009756,1582.31579643856,1.00000000535269,0.739093183353022
244800.000009761,1584.6462781511,1.00000000563342,0.738595955589999
244900.000009767,1586.98036213186,1.00000000558121,0.737848614211921
245000.000009773,1589.31731457931,1.00000000548075,0.737405417857566
245100.000009779,1591.65804088927,1.00000000541753,0.737542764085458
245200.000009785,1594.00429219707,1.00000000561003,0.738702337181318
245300.00000979,1596.35477947566,1.0000000057306,0.73749408699228
245400.000009796,1598.7093925336,1.00000000546905,0.736301216044338
245500.000009802,1601.06822347856,1.00000000551105,0.737500062809307
245600.000009808,1603.43089474349,1.00000000547344,0.738700966755042
245700.000009814,1605.79602832456,1.00000000541873,0.738752038011104
245800.00000982,1608.16369606689,1.0000000055329,0.737948056456856
245900.000009825,1610.53520847982,1.00000000559325,0.737796688083248
246000.000009831,1612.91103681152,1.00000000543557,0.737908894408336
246100.000009837,1615.29031285333,1.00000000564025,0.739177788817578
246200.000009843,1617.67208158871,1.00000000551337,0.73924770854008
246300.000009849,1620.05746684674,1.00000000550624,0.739119721945139
246400.000009854,1622.44622563129,1.00000000546746,0.73985632716758
246500.00000986,1624.83675452008,1.00000000559679,0.741581742159149
246600.000009866,1627.22790500401,1.00000000546718,0.739576918060361
246700.000009872,1629.62219522906,1.00000000556997,0.739086945257291
246800.000009878,1632.02158066136,1.00000000557775,0.739712083835548
246900.000009884,1634.42403547763,1.0000000055119,0.740590546397991
247000.000009889,1636.82913697993,1.00000000553999,0.74041499252
247100.000009895,1639.2375610065,1.00000000563312,0.739314762501266
247200.000009901,1641.65116943007,1.00000000557063,0.738796508777889
247300.000009907,1644.06882350015,1.00000000532295,0.738048706909825
247400.000009913,1646.48902695502,1.00000000547297,0.739051196668939
247500.000009918,1648.91149635267,1.00000000551387,0.739796861991978
247600.000009924,1651.33783728844,1.00000000560274,0.738237885206807
247700.00000993,1653.76746838646,1.00000000568409,0.738667098596536
247800.000009936,1656.19981069513,1.00000000553995,0.740256944098643
247900.000009942,1658.6332515542,1.0000000057074,0.741918436957434
248000.000009948,1661.06917296604,1.00000000537119,0.740756240672764
248100.000009953,1663.50788626991,1.00000000559766,0.740325693680592
248200.000009959,1665.94942067735,1.00000000561779,0.740098453990821
248300.000009965,1668.39250665643,1.00000000547018,0.739919804556786
248400.000009971,1670.83810394299,1.0000000054873,0.738949275035356
248500.000009977,1673.28776893834,1.00000000553806,0.739525349630868
248600.000009983,1675.73991496788,1.00000000548352,0.738303011000085
248700.000009988,1678.19468568499,1.00000000546814,0.738404982108047
248800.000009994,1680.65200920273,1.00000000564616,0.739256072879108
248900.00001,1683.11328934328,1.00000000559598,0.73918724066722
249000.000010006,1685.57761274316,1.00000000550352,0.739274822770284
249100.000010012,1688.04407270066,1.00000000565223,0.739395695023929
249200.000010017,1690.51325989354,1.00000000547837,0.739598052217511
249300.000010023,1692.98630145669,1.00000000574781,0.739120130082842
249400.000010029,1695.46276714313,1.0000000054265,0.739731938547197
249500.000010035,1697.94192798625,1.00000000571722,0.74021920273419
249600.000010041,1700.42337155618,1.00000000540012,0.740611228976281
249700.000010047,1702.90883514419,1.00000000592769,0.739871095968466
249800.000010052,1705.39836565951,1.0000000058292,0.740441894555507
249900.000010058,1707.89116318982,1.00000000560555,0.740114167633228
250000.000010064,1710.38708906256,1.0000000057451,0.739922226352525
250100.00001007,1712.88677405248,1.00000000566847,0.739692918667039
250200.000010076,1715.38977866874,1.00000000559941,0.740161823788903
250300.000010081,1717.89523578581,1.00000000571971,0.740621853216752
250400.000010087,1720.40149376506,1.00000000559819,0.74093054637187
250500.000010093,1722.91093920519,1.00000000553567,0.74108001914704
250600.000010099,1725.42498982926,1.00000000568571,0.740005569769101
250700.000010105,1727.9431197493,1.00000000552691,0.739693167392792
250800.000010111,1730.46379119793,1.00000000571638,0.740507901487706
250900.000010116,1732.98809886188,1.0000000055034,0.74054967037723
251000.000010122,1735.51749771847,1.00000000560716,0.739562277942654
251100.000010128,1738.05134127846,1.00000000554702,0.739719186366317
251200.000010134,1740.58751981018,1.00000000559799,0.740694662304296
251300.00001014,1743.12590861059,1.00000000567084,0.74071049813997
251400.000010146,1745.66770167111,1.00000000555229,0.740528656979834
251500.000010151,1748.21297515382,1.00000000567669,0.740146744732559
251600.000010157,1750.76088113635,1.00000000555985,0.740645961028263
251700.000010163,1753.31172284979,1.0000000058022,0.738690506758069
251800.000010169,1755.86634327199,1.00000000563366,0.738914696877184
251900.000010175,1758.42479430053,1.00000000560169,0.739845003604892
252000.00001018,1760.98505594997,1.0000000055918,0.740266828985409
252100.000010186,1763.54783600888,1.00000000588738,0.739755724471812
252200.000010192,1766.11467501726,1.00000000563999,0.73939335817063
252300.000010198,1768.68572135357,1.00000000558914,0.739370032386241
252400.000010204,1771.25918839783,1.00000000567992,0.739728206210546
252500.00001021,1773.83415124904,1.00000000558254,0.739432824278345
252600.000010215,1776.41241099159,1.00000000571228,0.740101175178431
252700.000010221,1778.99511765128,1.00000000560034,0.741306949565132
252800.000010227,1781.58123906373,1.00000000563095,0.741674338223544
252900.000010233,1784.17023288684,1.00000000551864,0.741524928578095
253000.000010239,1786.76262747281,1.00000000547695,0.741112016511214
253100.000010244,1789.36050426361,1.00000000570852,0.740541378442617
253200.00001025,1791.96186032567,1.00000000563386,0.741994297577786
253300.000010256,1794.56551509813,1.00000000582556,0.742550044796547
253400.000010262,1797.17241698743,1.00000000564517,0.740952618669872
253500.000010268,1799.78519395859,1.00000000587486,0.74065369208604
253600.000010274,1802.40308535436,1.00000000567628,0.74101657338841
253700.000010279,1805.02241565427,1.00000000571762,0.741799025217961
253800.000010285,1807.64399542713,1.00000000566606,0.742105058503523
253900.000010291,1810.26952429092,1.00000000570946,0.741886053560122
254000.000010297,1812.89917897804,1.00000000563623,0.7425768277188
254100.000010303,1815.5308857844,1.00000000566911,0.742519367173681
254200.000010308,1818.1637578922,1.0000000057843,0.742851549628397
254300.000010314,1820.79981901092,1.00000000571003,0.741660565924907
254400.00001032,1823.43847979253,1.00000000568351,0.741809512072815
254500.000010326,1826.07853834414,1.00000000569899,0.741308577029093
254600.000010332,1828.71926777958,1.00000000577138,0.740680356491824
254700.000010338,1831.36321872649,1.00000000563399,0.741126549437094
254800.000010343,1834.00999928199,1.00000000564267,0.742325344835776
254900.000010349,1836.65920571825,1.00000000584698,0.74119847453467
255000.000010355,1839.31032317987,1.00000000563463,0.740852584933822
255100.000010361,1841.96508459033,1.00000000574752,0.741524213616211
255200.000010367,1844.6248477876,1.00000000567743,0.741357829043811
255300.000010373,1847.28750824217,1.00000000562541,0.740459347732417
255400.000010378,1849.95311996392,1.00000000579623,0.740248665183849
255500.000010384,1852.62171607272,1.00000000569757,0.741413062128924
255600.00001039,1855.29434463527,1.00000000583405,0.74137102931129
255700.000010396,1857.97057837768,1.00000000558389,0.742312074669013
255800.000010402,1860.64835062184,1.00000000563123,0.742147139084842
255900.000010407,1863.32850075341,1.00000000577711,0.742670417413838
256000.000010413,1866.01145629347,1.00000000571685,0.742448203205347
256100.000010419,1868.69731362319,1.00000000579123,0.742846678722079
256200.000010425,1871.38457475141,1.00000000574214,0.743140001111572
256300.000010431,1874.07425099612,1.00000000579041,0.742328809331826
256400.000010437,1876.76757573133,1.00000000573376,0.742214424221801
256500.000010442,1879.46458593652,1.00000000572179,0.743227128848805
256600.000010448,1882.16424836673,1.0000000057605,0.743030465566347
256700.000010454,1884.8652852464,1.0000000057698,0.742465726591905
256800.00001046,1887.56864132088,1.00000000575687,0.742422287920243
256900.000010466,1890.27479127942,1.00000000592401,0.743314864591549
257000.000010471,1892.98229735912,1.00000000578188,0.743706893106866
257100.000010477,1895.69071499286,1.00000000584351,0.743488791409557
257200.000010483,1898.40111422876,1.00000000571698,0.742475301220849
257300.000010489,1901.11504360625,1.00000000576253,0.742913228329261
257400.000010495,1903.83177504313,1.00000000581803,0.744026974318999
257500.000010501,1906.55124277961,1.00000000552496,0.743402637863612
257600.000010506,1909.27336830246,1.0000000058308,0.742835715654225
257700.000010512,1911.99923419985,1.00000000578636,0.742734844367839
257800.000010518,1914.72855957234,1.00000000581779,0.742867234997888
257900.000010524,1917.46064230642,1.00000000582646,0.742302566719219
258000.00001053,1920.19515048045,1.00000000575776,0.742022149542921
258100.000010535,1922.93310535684,1.00000000588573,0.741247974947648
258200.000010541,1925.67629279592,1.00000000572019,0.742606455898087
258300.000010547,1928.42314648767,1.00000000568737,0.741855541088054
258400.000010553,1931.17355715181,1.00000000578384,0.742245872396649
258500.000010559,1933.92762309973,1.00000000589892,0.742274321772754
258600.000010565,1936.68621045863,1.00000000568957,0.741228774174759
258700.00001057,1939.44874184206,1.00000000579482,0.740733195934536
258800.000010576,1942.2140466378,1.00000000572479,0.741012945596801
258900.000010582,1944.98208433801,1.00000000574281,0.741687916968569
259000.000010588,1947.75391712454,1.0000000056983,0.742119334986555
259100.000010594,1950.5291932281,1.00000000600889,0.742868330188939
259200.0000106,1953.30704658739,1.0000000059087,0.742530274064751
259300.000010605,1956.08675375978,1.00000000585193,0.742690142105694
259400.000010611,1958.8690007366,1.00000000585058,0.74132814852612
259500.000010617,1961.655095161,1.00000000571899,0.741504917970856
259600.000010623,1964.44413085404,1.00000000572638,0.741695796970311
259700.000010629,1967.23532972801,1.0000000057045,0.740803116673604
259800.000010634,1970.02915152426,1.00000000580999,0.74153305203286
259900.00001064,1972.82579967347,1.0000000057709,0.741843166638279
260000.000010646,1975.62558916456,1.00000000572849,0.742815515061913
260100.000010652,1978.42868219805,1.00000000572513,0.742663793600522
260200.000010658,1981.23548264008,1.00000000585339,0.742395899686763
260300.000010664,1984.04633025919,1.00000000584169,0.742911827999387
260400.000010669,1986.86070050908,1.00000000580812,0.742601886910262
260500.000010675,1989.67776408106,1.00000000591037,0.743409527065208
260600.000010681,1992.49756612238,1.00000000580856,0.743706839644996
260700.000010687,1995.3197548776,1.00000000579734,0.742535825826529
260800.000010693,1998.14428894318,1.00000000579669,0.742961746071536
260900.000010698,2000.97074988155,1.00000000589148,0.743306268168831
261000.000010704,2003.80005245665,1.00000000607679,0.743285337865409
261100.00001071,2006.63284617286,1.00000000591048,0.743421734481383
261200.000010716,2009.46937415954,1.000000005928,0.743677912868167
261300.000010722,2012.30920073609,1.00000000595018,0.743498853401592
261400.000010728,2015.15390395624,1.00000000578927,0.743732995845515
261500.000010733,2018.00294675822,1.00000000582899,0.744042976912523
261600.000010739,2020.85569156964,1.00000000596913,0.744764840914476
261700.000010745,2023.71033324302,1.00000000574267,0.745104161821552
261800.000010751,2026.56779816523,1.00000000592857,0.74435737084805
261900.000010757,2029.42803085361,1.00000000593086,0.744135758346372
262000.000010763,2032.29067985199,1.00000000585254,0.744645637817859
262100.000010768,2035.15336104181,1.00000000586674,0.745073305329238
262200.000010758,2038.01620338432,1.00000000590039,0.744872125137126
262300.000010735,2040.87940632727,1.00000000599606,0.744495525646149
262400.000010711,2043.74330352442,1.0000000059624,0.744301528460745
262500.000010688,2046.60840806983,1.00000000585131,0.744749118629429
262600.000010665,2049.47383747166,1.00000000585061,0.744627900646853
262700.000010641,2052.34071985271,1.00000000585892,0.7441690828108
262800.000010618,2055.2100496999,1.00000000617509,0.744601807589081
262900.000010595,2058.08219262237,1.00000000601452,0.745468584868209
263000.000010572,2060.95700535787,1.00000000613248,0.744327328204284
263100.000010548,2063.8341075567,1.00000000587607,0.743822768391374
263200.000010525,2066.71490069389,1.00000000587465,0.743955169199141
263300.000010502,2069.59972714156,1.00000000576227,0.743375970083182
263400.000010478,2072.48917420121,1.00000000587905,0.744354121275154
263500.000010455,2075.38218167127,1.00000000586664,0.744712695334712
263600.000010432,2078.27923689229,1.00000000582379,0.743891423456449
263700.000010409,2081.18095392574,1.00000000585039,0.743435679911364
263800.000010385,2084.08712289321,1.00000000589175,0.744104459255856
263900.000010362,2086.99688982887,1.00000000596911,0.744368877841444
264000.000010339,2089.90919990595,1.00000000580802,0.743609392289382
264100.000010315,2092.82422421069,1.00000000590257,0.744190486023008
264200.000010292,2095.74257303893,1.00000000596222,0.744585584115602
264300.000010269,2098.66382771094,1.00000000603199,0.744651410372582
264400.000010246,2101.5882317084,1.00000000596708,0.745191247004479
264500.000010222,2104.51472421673,1.00000000598956,0.744827884600796
264600.000010199,2107.44480262871,1.00000000586188,0.744407791481325
264700.000010176,2110.37784433598,1.00000000600193,0.745071952858782
264800.000010152,2113.31344426046,1.0000000060236,0.745367731767243
264900.000010129,2116.24987056801,1.0000000060406,0.745373456443167
265000.000010106,2119.18791718554,1.00000000591141,0.745282331849984
265100.000010083,2122.12815664329,1.00000000592198,0.745086667006261
265200.000010059,2125.0716594648,1.00000000596652,0.745456814656197
265300.000010036,2128.018301462,1.00000000601881,0.744918024989549
265400.000010013,2130.96747142565,1.00000000591627,0.744521329958134
265500.000009989,2133.91932235464,1.00000000584892,0.744462438880119
265600.000009966,2136.87469389899,1.00000000614914,0.743035334028164
265700.000009943,2139.83341879117,1.00000000585926,0.743164680211473
265800.00000992,2142.79526220647,1.00000000599492,0.743604971472386
265900.000009896,2145.75938814298,1.00000000593904,0.744287640145561
266000.000009873,2148.72584797701,1.00000000587935,0.745508182430482
266100.00000985,2151.69415829787,1.0000000059241,0.745359113343395
266200.000009827,2154.66499884161,1.0000000058775,0.745713251591746
266300.000009803,2157.63811871534,1.00000000596438,0.745762965366632
266400.00000978,2160.6132141742,1.00000000597928,0.745581712787314
266500.000009757,2163.59062907356,1.00000000580101,0.746225466035795
266600.000009733,2166.57115931315,1.00000000606301,0.745706569480202
266700.00000971,2169.55423718403,1.00000000599528,0.745724577335742
266800.000009687,2172.53796937786,1.0000000057823,0.746018693529236
266900.000009664,2175.52306704487,1.00000000595391,0.745863590936575
267000.00000964,2178.50989593296,1.0000000059909,0.745730721153225
267100.000009617,2181.49929943156,1.00000000610808,0.744229688630089
267200.000009594,2184.49186401988,1.00000000601891,0.744081732412383
267300.00000957,2187.4878305769,1.00000000624969,0.74420144134068
267400.000009547,2190.48672815126,1.00000000609569,0.745053408405116
267500.000009524,2193.48868984394,1.00000000607117,0.745362765848312
267600.000009501,2196.49363003913,1.0000000060711,0.745936971306588
267700.000009477,2199.50104425321,1.00000000592222,0.745348866764303
267800.000009454,2202.51089848615,1.00000000592682,0.745297688094136
267900.000009431,2205.52350473124,1.00000000585167,0.743602096234367
268000.000009407,2208.53944497734,1.00000000612738,0.743837787719824
268100.000009384,2211.55951786819,1.00000000602228,0.743090727818429
268200.000009361,2214.58230337206,1.00000000600516,0.744383803167772
268300.000009338,2217.60825034539,1.00000000577292,0.74466524347939
268400.000009314,2220.63758270791,1.0000000059778,0.743351025613471
268500.000009291,2223.67039841258,1.00000000577185,0.744456904868479
268600.000009268,2226.70469194606,1.00000000619357,0.745399496169814
268700.000009244,2229.74013133971,1.00000000608504,0.74581315103159
268800.000009221,2232.77769248806,1.00000000619555,0.744956182846258
268900.000009198,2235.81770439217,1.00000000611451,0.74498274468688
269000.000009175,2238.86026067333,1.00000000593298,0.744900425101378
269100.000009151,2241.90503820622,1.00000000587508,0.743904495232748
269200.000009128,2244.95313175047,1.00000000592475,0.744143383484953
269300.000009105,2248.00418299067,1.00000000618566,0.743176921903065
269400.000009081,2251.0589680623,1.00000000605435,0.743432148718671
269500.000009058,2254.11803271764,1.00000000592637,0.744166904500982
269600.000009035,2257.18117679495,1.00000000602674,0.743438824634673
269700.000009012,2260.24777844323,1.00000000603709,0.743920712169882
269800.000008988,2263.31692101732,1.00000000604752,0.743891275431264
269900.000008965,2266.39010937781,1.00000000615177,0.743847577134363
270000.000008942,2269.46723826983,1.00000000603219,0.744099701517343
270100.000008918,2272.54795243265,1.00000000603459,0.744773218772757
270200.000008895,2275.6316951244,1.000000006056,0.745877364369013
270300.000008872,2278.71836466824,1.00000000585159,0.745533026233732
270400.000008849,2281.80746422748,1.00000000618669,0.74509801041304
270500.000008825,2284.89853468581,1.00000000617367,0.744598377563007
270600.000008802,2287.99231054979,1.00000000600293,0.7451280342844
270700.000008779,2291.08901676389,1.0000000059282,0.745233575578842
270800.000008755,2294.18992883408,1.00000000597226,0.74418855835336
270900.000008732,2297.29557704805,1.00000000615288,0.74501423072967
271000.000008709,2300.40482298744,1.0000000061952,0.745257856887043
271100.000008686,2303.51869227625,1.00000000605952,0.744294528023714
271200.000008662,2306.63806407181,1.0000000061768,0.745070566614718
271300.000008639,2309.7622739028,1.00000000592317,0.744925008526779
271400.000008616,2312.89079507079,1.00000000597896,0.745546916891777
271500.000008592,2316.02369631581,1.00000000611489,0.746266409759597
271600.000008569,2319.15977131513,1.00000000597395,0.745903929269272
271700.000008546,2322.29832039066,1.00000000595125,0.746941249964212
271800.000008523,2325.43840902342,1.00000000607776,0.746350310384096
271900.000008499,2328.58075446316,1.00000000606839,0.746364323709827
272000.000008476,2331.72617446115,1.00000000622505,0.747232507720399
272100.000008453,2334.87464000443,1.00000000609379,0.746380504258387
272200.00000843,2338.02685487611,1.00000000629644,0.745722853954857
272300.000008406,2341.18221054033,1.00000000628108,0.746823904569703
272400.000008383,2344.33974420525,1.00000000613237,0.746862320988732
272500.00000836,2347.49954026238,1.0000000061036,0.747084336923684
272600.000008336,2350.66179788314,1.00000000610886,0.746525247914249
272700.000008313,2353.8262989661,1.00000000610352,0.74676047527991
272800.00000829,2356.99353077835,1.00000000608172,0.747676633703907
272900.000008267,2360.1628885747,1.00000000610421,0.746779683138512
273000.000008243,2363.33441435913,1.00000000623494,0.746262800017839
273100.00000822,2366.50846997954,1.00000000603619,0.746175251572573
273200.000008197,2369.68627191257,1.00000000631594,0.747806606825243
273300.000008173,2372.86723615727,1.00000000608598,0.747057438863498
273400.00000815,2376.0525738204,1.00000000619249,0.745875967055001
273500.000008127,2379.24159090052,1.00000000628135,0.745817289194365
273600.000008104,2382.43459684917,1.00000000617553,0.74661897699523
273700.00000808,2385.63076235409,1.00000000622347,0.746496856440312
273800.000008057,2388.82946472285,1.00000000609319,0.746489794333657
273900.000008034,2392.03079895865,1.00000000614017,0.746404766241966
274000.00000801,2395.23582964236,1.00000000635427,0.747035490316646
274100.000007987,2398.44301575006,1.0000000061707,0.746420575909887
274200.000007964,2401.65241050628,1.00000000614017,0.745930003168647
274300.000007941,2404.8643483142,1.0000000063465,0.745997496452225
274400.000007917,2408.07892533528,1.00000000626996,0.747051507559228
274500.000007894,2411.29676510041,1.00000000613429,0.746036493622665
274600.000007871,2414.51842770086,1.00000000606197,0.74597384320231
274700.000007847,2417.74380000092,1.00000000610038,0.745503275098413
274800.000007824,2420.97310342029,1.00000000594644,0.745728232229876
274900.000007801,2424.20508024274,1.00000000606647,0.745430697017991
275000.000007778,2427.43956255342,1.00000000629206,0.744608761805593
275100.000007754,2430.67663086268,1.00000000623523,0.745732382051496
275200.000007731,2433.91668864578,1.00000000590546,0.746455529238669
275300.000007708,2437.1600523231,1.00000000625625,0.746153635579803
275400.000007684,2440.40648319223,1.00000000608622,0.747195648423259
275500.000007661,2443.65560503496,1.00000000623612,0.746846855518153
275600.000007638,2446.90738761185,1.00000000624724,0.7466839266632
275700.000007615,2450.16193043595,1.00000000634176,0.746413657153061
275800.000007591,2453.41983819863,1.00000000602397,0.746010077474171
275900.000007568,2456.6815412952,1.00000000627883,0.745667788805637
276000.000007545,2459.94626454109,1.00000000593033,0.746901023048165
276100.000007521,2463.21378403776,1.00000000639935,0.746510441093086
276200.000007498,2466.48425483478,1.00000000620081,0.746530655525214
276300.000007475,2469.75810786262,1.00000000617549,0.746728949951439
276400.000007452,2473.03504827206,1.00000000614442,0.747071968938939
276500.000007428,2476.31512004602,1.0000000061465,0.744792193582461
276600.000007405,2479.59916060414,1.00000000609268,0.744693544765785
276700.000007382,2482.8868917577,1.000000006166,0.746141363993042
276800.000007358,2486.17772234101,1.00000000609477,0.747544481276073
276900.000007335,2489.4714846745,1.00000000622008,0.746218940718895
277000.000007312,2492.76908104362,1.00000000630041,0.745972312223693
277100.000007289,2496.07063988655,1.00000000623921,0.747128734885438
277200.000007265,2499.3759037194,1.00000000621442,0.747773303920804
277300.000007242,2502.684708821,1.00000000614511,0.747251101221644
277400.000007219,2505.99689920302,1.00000000612816,0.747159231384215
277500.000007196,2509.31229071383,1.00000000629023,0.747639551684449
277600.000007172,2512.63026090053,1.00000000616555,0.74822988703396
277700.000007149,2515.95017477773,1.00000000634611,0.748335349709565
277800.000007126,2519.27228145874,1.00000000620458,0.747733250293328
277900.000007102,2522.59631272104,1.00000000643971,0.746837638101639
278000.000007079,2525.9226904862,1.00000000627178,0.747246851738213
278100.000007056,2529.25076017159,1.00000000629883,0.747960615911227
278200.000007033,2532.58044744634,1.00000000620096,0.748984175623525
278300.000007009,2535.91230597317,1.00000000601076,0.748673284655939
278400.000006986,2539.24712235846,1.00000000623867,0.747772696536827
278500.000006963,2542.58487319189,1.00000000614209,0.746541772100249
278600.000006939,2545.92565455106,1.00000000597637,0.746079875374108
278700.000006916,2549.26979827806,1.00000000602886,0.745997965700387
278800.000006893,2552.61686782952,1.00000000635742,0.746014296328364
278900.00000687,2555.96698839503,1.00000000639657,0.746380429002459
279000.000006846,2559.31958738788,1.00000000635253,0.746518235228668
279100.000006823,2562.67486266085,1.00000000637885,0.74640458745448
279200.0000068,2566.03404919069,1.00000000618074,0.746222683407061
279300.000006776,2569.3967255985,1.0000000062831,0.746900375374742
279400.000006753,2572.76284190012,1.00000000628157,0.746897140528964
279500.00000673,2576.13240233039,1.00000000631081,0.746461004191745
279600.000006707,2579.50456398812,1.00000000617455,0.746581505568983
279700.000006683,2582.87880050369,1.00000000618642,0.745717582128007
279800.00000666,2586.25555289014,1.00000000618022,0.745998278877585
279900.000006637,2589.63639130015,1.00000000636793,0.746184689677255
280000.000006613,2593.02058893757,1.00000000619135,0.746384152973335
280100.00000659,2596.40781685884,1.00000000627848,0.746822034059071
280200.000006567,2599.79732134806,1.00000000624496,0.747795565443927
280300.000006544,2603.18868305887,1.00000000646456,0.748287978617091
280400.00000652,2606.58234252213,1.00000000634467,0.748028812517869
280500.000006497,2609.97914402209,1.00000000618675,0.747382812901409
280600.000006474,2613.37966686756,1.00000000651177,0.74817104109176
280700.00000645,2616.78418424497,1.00000000619577,0.747926868555028
280800.000006427,2620.1913065656,1.00000000627891,0.748754681153478
280900.000006404,2623.60102303104,1.00000000625885,0.748399840697045
281000.000006381,2627.01348225186,1.00000000622173,0.74809468533212
281100.000006357,2630.42970039109,1.00000000637082,0.748220410265518
281200.000006334,2633.84902039435,1.00000000644796,0.748646077776369
281300.000006311,2637.2717265758,1.00000000638079,0.748503320785316
281400.000006287,2640.6976954707,1.00000000631225,0.747810409051247
281500.000006264,2644.1280286122,1.000000006305,0.747458809563624
281600.000006241,2647.56196078124,1.00000000626591,0.748263198273251
281700.000006218,2650.9995166976,1.00000000647311,0.747881085715746
281800.000006194,2654.44093973857,1.00000000635801,0.748436908558746
281900.000006171,2657.88657510114,1.00000000641984,0.748668229461937
282000.000006148,2661.33541506261,1.00000000620879,0.748035382369498
282100.000006124,2664.7873568571,1.00000000639029,0.748505079297995
282200.000006101,2668.24217092555,1.00000000644038,0.748776086835957
282300.000006078,2671.70050878344,1.00000000636695,0.748459816673437
282400.000006055,2675.16213807632,1.00000000631004,0.749162531926322
282500.000006031,2678.62792803568,1.00000000618402,0.748607067396127
282600.000006008,2682.09791617475,1.00000000644324,0.748739381678054
282700.000005985,2685.57200922598,1.00000000626534,0.748304919444758
282800.000005962,2689.0500512756,1.00000000624856,0.748440649829023
282900.000005938,2692.531480218,1.00000000637742,0.749105816469077
283000.000005915,2696.015404072,1.00000000632188,0.749240899787171
283100.000005892,2699.50223994792,1.0000000063635,0.748662202252977
283200.000005868,2702.99284860633,1.00000000636003,0.748049930393711
283300.000005845,2706.48645234741,1.00000000636044,0.748169178619458
283400.000005822,2709.98402338282,1.00000000648071,0.74818943110402
283500.000005799,2713.48496696577,1.00000000637304,0.749245366024657
283600.000005775,2716.98902574142,1.00000000627578,0.748850061211902
283700.000005752,2720.49594312121,1.00000000628022,0.749111413836475
283800.000005729,2724.00648905092,1.00000000634396,0.749430484478369
283900.000005705,2727.52048636218,1.00000000622651,0.749890642851661
284000.000005682,2731.03801161687,1.00000000645341,0.75055205129123
284100.000005659,2734.55789102636,1.00000000644103,0.750004118671472
284200.000005636,2738.0807748158,1.00000000630344,0.749768284681541
284300.000005612,2741.60758047803,1.00000000639261,0.748646858424885
284400.000005589,2745.13887752934,1.00000000649933,0.748399775303868
284500.000005566,2748.67359757574,1.00000000634329,0.748676765954916
284600.000005542,2752.21156389899,1.0000000064672,0.74932516178082
284700.000005519,2755.75217406315,1.00000000647278,0.749053393144764
284800.000005496,2759.29536109302,1.00000000624578,0.748948477156716
284900.000005473,2762.84009683771,1.00000000625165,0.749387481764141
285000.000005449,2766.38613161954,1.00000000644101,0.749062802127762
285100.000005426,2769.93340394812,1.00000000633936,0.74927791154624
285200.000005403,2773.483172749,1.00000000626646,0.750000823299037
285300.000005379,2777.03681933768,1.00000000648069,0.749139395035609
285400.000005356,2780.59396209189,1.00000000631494,0.74985258006339
285500.000005333,2784.15438559427,1.00000000632797,0.750208414774224
285600.00000531,2787.71820838505,1.00000000642324,0.748827583237647
285700.000005286,2791.28512605388,1.00000000646709,0.74883828884259
285800.000005263,2794.85487842931,1.00000000630534,0.749878145809589
285900.00000524,2798.42722314711,1.00000000647847,0.749751569897196
286000.000005216,2802.00239582763,1.00000000648524,0.748219119717913
286100.000005193,2805.58083109109,1.00000000638756,0.749318519858772
286200.00000517,2809.16178489846,1.00000000652998,0.749564543531445
286300.000005147,2812.74501820212,1.0000000063073,0.749406576760753
286400.000005123,2816.33037587197,1.00000000638357,0.749369407272666
286500.0000051,2819.91831895765,1.00000000640251,0.749633011550323
286600.000005077,2823.5093766136,1.00000000633072,0.749965554870938
286700.000005053,2827.10385782625,1.00000000650293,0.749349508023491
286800.00000503,2830.70104573414,1.00000000650215,0.749344172874481
286900.000005007,2834.30119156145,1.00000000652404,0.749592104465808
287000.000004984,2837.90466926807,1.00000000633291,0.749142294838316
287100.00000496,2841.51133020798,1.00000000651004,0.749445111041788
287200.000004937,2845.12163224208,1.00000000621206,0.749576662503502
287300.000004914,2848.73534106917,1.00000000666581,0.750083353337899
287400.00000489,2852.35290437502,1.00000000650536,0.74985180198159
287500.000004867,2855.97362905403,1.00000000634306,0.750451570734651
287600.000004844,2859.59780591561,1.00000000647374,0.750117832269489
287700.000004821,2863.22478717036,1.00000000637366,0.750051185225002
287800.000004797,2866.85555941134,1.00000000621172,0.749336894037875
287900.000004774,2870.4904797739,1.00000000611355,0.74968902423284
288000.000004751,2874.12913566796,1.000000006515,0.749108527912715
288100.000004728,2877.77179794083,1.0000000062668,0.74929424835712
288200.000004704,2881.41866173661,1.00000000641081,0.748621581610892
288300.000004681,2885.06998024825,1.00000000646831,0.748687554484062
288400.000004658,2888.72620022765,1.0000000063634,0.749634622684037
288500.000004634,2892.38651052708,1.00000000647998,0.749269933191654
288600.000004611,2896.05066391472,1.00000000635232,0.749653112350409
288700.000004588,2899.71833505337,1.00000000640273,0.75030185014336
288800.000004565,2903.38874176239,1.00000000647427,0.750376340802907
288900.000004541,2907.06232273216,1.00000000657997,0.750028755650036
289000.000004518,2910.73851089539,1.00000000624114,0.749007746077672
289100.000004495,2914.4175061599,1.00000000641216,0.750542263038578
289200.000004471,2918.09911181406,1.00000000650921,0.750073928386184
289300.000004448,2921.78340325569,1.00000000681725,0.749349786269327
289400.000004425,2925.47085877356,1.00000000661629,0.749429898109834
289500.000004402,2929.16149728014,1.00000000639368,0.7493625091838
289600.000004378,2932.85657873642,1.00000000644902,0.749607782689631
289700.000004355,2936.55516546339,1.00000000661403,0.749347076205423
289800.000004332,2940.2573840307,1.00000000651996,0.750329048297238
289900.000004308,2943.96275345103,1.00000000661029,0.749724411103339
290000.000004285,2947.67116522978,1.0000000064074,0.749968017991894
290100.000004262,2951.38197497607,1.00000000653448,0.749543338467801
290200.000004239,2955.09650717002,1.00000000637447,0.749551519680004
290300.000004215,2958.81570225491,1.00000000650371,0.749682799690381
290400.000004192,2962.53937029109,1.00000000639573,0.749843616102953
290500.000004169,2966.26591609239,1.00000000664001,0.750213711809779
290600.000004145,2969.99573961647,1.00000000636448,0.749801042032953
290700.000004122,2973.72795493347,1.00000000674645,0.749217626538462
290800.000004099,2977.46238762811,1.00000000652596,0.749236970349276
290900.000004076,2981.19870860076,1.00000000662939,0.748738730641043
291000.000004052,2984.93837501034,1.00000000642972,0.748423204100519
291100.000004029,2988.68079022154,1.00000000652451,0.749181819750347
291200.000004006,2992.42654665118,1.00000000679379,0.749318782398125
291300.000003982,2996.17514184631,1.00000000646385,0.749282527369948
291400.000003959,2999.9257415587,1.00000000641447,0.749172026387908
291500.000003936,3003.67814813438,1.00000000644921,0.749212341470247
291600.000003913,3007.43341977755,1.00000000652353,0.74884876753327
291700.000003889,3011.19176092457,1.00000000661001,0.749672220998586
291800.000003866,3014.95172071573,1.00000000660356,0.750152034642103
291900.000003843,3018.71360173061,1.00000000648869,0.749146068243067
292000.000003819,3022.47816802915,1.00000000638544,0.749309301203551
292100.000003796,3026.24609934739,1.00000000655206,0.74951379044227
292200.000003773,3030.01787502879,1.00000000647035,0.749662253475717
292300.00000375,3033.7933581186,1.00000000664328,0.749275734922736
292400.000003726,3037.57207740682,1.00000000661019,0.750037148191859
292500.000003703,3041.35311211651,1.00000000677209,0.75078763185443
292600.00000368,3045.13742863149,1.00000000656618,0.749838864173854
292700.000003656,3048.92554936414,1.00000000652934,0.749978517405703
292800.000003633,3052.71731987084,1.00000000673248,0.750131475257104
292900.00000361,3056.51201211113,1.00000000658709,0.75059707202861
293000.000003587,3060.30957256304,1.00000000653933,0.749676700563593
293100.000003563,3064.11033895375,1.00000000630257,0.750203684558915
293200.00000354,3067.91400230541,1.00000000671831,0.749763859726877
293300.000003517,3071.72110859725,1.0000000066319,0.750920564380421
293400.000003494,3075.53233665872,1.00000000659958,0.75000265561688
293500.00000347,3079.34715116741,1.00000000662541,0.750491099912194
293600.000003447,3083.16634981117,1.00000000656021,0.750133715816866
293700.000003424,3086.98904530185,1.0000000064915,0.750306800401297
293800.0000034,3090.81594200103,1.00000000669767,0.749908276417253
293900.000003377,3094.6462510359,1.00000000651939,0.750548768332138
294000.000003354,3098.47888241157,1.00000000642974,0.749888880541436
294100.000003331,3102.31382310413,1.00000000670915,0.749824530688403
294200.000003307,3106.15082520105,1.0000000065797,0.750062648842152
294300.000003284,3109.98969162274,1.00000000667449,0.749569923566218
294400.000003261,3113.83081177685,1.000000006625,0.74976663575375
294500.000003237,3117.67442570006,1.0000000065617,0.749761035372942
294600.000003214,3121.51902256916,1.00000000668826,0.751104782501893
294700.000003191,3125.36625844994,1.00000000663851,0.750342279511052
294800.000003168,3129.21730052432,1.00000000651338,0.749538120801476
294900.000003144,3133.07241227026,1.00000000660818,0.750430999924577
295000.000003121,3136.93206284859,1.00000000663373,0.750728240722485
295100.000003098,3140.79597306523,1.00000000634831,0.750256875494654
295200.000003074,3144.66359839344,1.00000000662769,0.75089273563182
295300.000003051,3148.53522045321,1.00000000659047,0.750738351242014
295400.000003028,3152.41044890922,1.00000000650866,0.750843461394215
295500.000003005,3156.28876320022,1.00000000662693,0.750203445548858
295600.000002981,3160.16886877316,1.00000000684636,0.750892501820691
295700.000002958,3164.05175999999,1.00000000665698,0.751115953601787
295800.000002935,3167.93838968957,1.00000000658498,0.750442943716162
295900.000002911,3171.82882375934,1.00000000667983,0.750987180409057
296000.000002888,3175.72182255034,1.00000000673083,0.751269835729905
296100.000002865,3179.61835048366,1.00000000637864,0.751131146956842
296200.000002842,3183.51891474181,1.00000000666851,0.750584237081969
296300.000002818,3187.42382486557,1.000000006764,0.750738761222521
296400.000002795,3191.33301601487,1.0000000065462,0.749916784213653
296500.000002772,3195.24609259206,1.00000000658138,0.750280393560665
296600.000002748,3199.16274703483,1.00000000681979,0.75044229214981
296700.000002725,3203.08344091118,1.00000000658319,0.750568162007705
296800.000002702,3207.00805094976,1.000000006718,0.75018875006573
296900.000002679,3210.93672831511,1.00000000665322,0.750102134910276
297000.000002655,3214.86940441752,1.00000000660861,0.749704788618531
297100.000002632,3218.80613327492,1.00000000657463,0.749898426129558
297200.000002609,3222.74700318047,1.00000000674986,0.750203354991797
297300.000002585,3226.69178333501,1.00000000661717,0.750489564297681
297400.000002562,3230.63958335617,1.00000000665243,0.751348159459557
297500.000002539,3234.59126287639,1.00000000682211,0.75103387194102
297600.000002516,3238.54762587774,1.00000000680103,0.750776318319934
297700.000002492,3242.50815978557,1.00000000658348,0.750773736969993
297800.000002469,3246.47355475784,1.00000000649951,0.750687331394992
297900.000002446,3250.4430469697,1.00000000681867,0.750751712346184
298000.000002422,3254.41589337897,1.00000000652217,0.751480706926689
298100.000002399,3258.39222194167,1.00000000670132,0.75148050087393
298200.000002376,3262.3731119181,1.00000000672232,0.751964746121063
298300.000002353,3266.35823586196,1.00000000676365,0.751574618397943
298400.000002329,3270.34591298699,1.00000000674133,0.753193348323819
298500.000002306,3274.3362556418,1.00000000660998,0.753268886352519
298600.000002283,3278.32951618218,1.00000000690874,0.752044298029418
298700.00000226,3282.32618419529,1.00000000681588,0.751714704680699
298800.000002236,3286.32602055019,1.0000000067692,0.751856369766289
298900.000002213,3290.32844770317,1.00000000657738,0.751988356046011
299000.00000219,3294.33402535943,1.00000000664196,0.750728663555909
299100.000002166,3298.34337606873,1.00000000662775,0.751056040095866
299200.000002143,3302.35540504745,1.00000000660484,0.751233302290472
299300.00000212,3306.36815784679,1.00000000681842,0.751255880677613
299400.000002097,3310.38267294578,1.00000000664649,0.751456238523174
299500.000002073,3314.39998977012,1.00000000688475,0.751748763150057
299600.00000205,3318.42117095947,1.00000000675854,0.751123851570665
299700.000002027,3322.44470953398,1.00000000652088,0.752256296299771
299800.000002003,3326.4693821448,1.00000000671646,0.751874623512401
299900.00000198,3330.49536623155,1.00000000675665,0.751707224120173
300000.000001957,3334.52313448707,1.00000000664615,0.752013164027926
300100.000001934,3338.55324675793,1.00000000703146,0.751566258852431
300200.00000191,3342.58494831963,1.00000000674022,0.751324318857563
300300.000001887,3346.61872324474,1.0000000066468,0.7516878252095
300400.000001864,3350.65498121642,1.00000000687427,0.752232526953432
300500.00000184,3354.69474138751,1.00000000689136,0.752202337820602
300600.000001817,3358.7375803618,1.00000000683755,0.752194907423568
300700.000001794,3362.78243081257,1.00000000668496,0.751958465588877
300800.000001771,3366.82946881274,1.00000000669893,0.751664276753684
300900.000001747,3370.8798993499,1.00000000683407,0.750867434803119
301000.000001724,3374.93430359259,1.00000000680376,0.751051647241849
301100.000001701,3378.99111231032,1.00000000685413,0.751611038587582
301200.000001677,3383.05007673173,1.00000000672568,0.752124760539157
301300.000001654,3387.11194682366,1.00000000684812,0.752060242542645
301400.000001631,3391.17749147795,1.00000000677629,0.751692027266179
301500.000001608,3395.24675678129,1.00000000674636,0.751886002058142
301600.000001584,3399.31924427266,1.00000000663122,0.75132635683871
301700.000001561,3403.39621860987,1.00000000675903,0.751059948927424
301800.000001538,3407.47884502596,1.00000000692426,0.751096882075379
301900.000001514,3411.56675344873,1.00000000687125,0.750974082566517
302000.000001491,3415.65799475042,1.00000000677587,0.751729964315518
302100.000001468,3419.7527069741,1.00000000658369,0.751310536915307
302200.000001445,3423.85203940038,1.00000000673689,0.751237820902833
302300.000001421,3427.95714078792,1.0000000068273,0.749671468307612
302400.000001398,3432.06787929771,1.0000000067515,0.750854073434221
302500.000001375,3436.18375000559,1.00000000672995,0.75122553228618
302600.000001351,3440.30479372282,1.00000000671577,0.751184712924245
302700.000001328,3444.43076884975,1.00000000655665,0.75117935460327
302800.000001305,3448.56135849352,1.0000000067017,0.751976559470997
302900.000001282,3452.69680452046,1.00000000686303,0.751287045119568
303000.000001258,3456.83602055251,1.00000000696901,0.751101073019686
303100.000001235,3460.97923532104,1.00000000675652,0.750520947993608
303200.000001212,3465.12767190209,1.00000000662124,0.750418176169753
303300.000001188,3469.28201980474,1.00000000683423,0.74996702091834
303400.000001165,3473.44097761427,1.00000000674593,0.751325766493901
303500.000001142,3477.60348116241,1.00000000679104,0.751626543489637
303600.000001119,3481.76981387746,1.00000000684045,0.750853776996527
303700.000001095,3485.94078682508,1.00000000656852,0.750419624804155
303800.000001072,3490.1166082918,1.00000000691095,0.751133610815127
303900.000001049,3494.29665069805,1.00000000682118,0.75108390429727
304000.000001026,3498.48055443559,1.00000000680533,0.751265090289319
304100.000001002,3502.66830170496,1.0000000069769,0.751603361122182
304200.000000979,3506.86042814667,1.00000000683408,0.751938541925735
304300.000000956,3511.05653412739,1.00000000662325,0.752462054390209
304400.000000932,3515.2554237717,1.00000000677139,0.752212965488583
304500.000000909,3519.45608063765,1.00000000692773,0.75242443275103
304600.000000886,3523.65962552573,1.00000000677157,0.75242092959191
304700.000000863,3527.86645739794,1.00000000690937,0.75247761232442
304800.000000839,3532.07477299606,1.00000000682006,0.753140147302534
304900.000000816,3536.28379740291,1.00000000689396,0.753474396930662
305000.000000793,3540.49452773195,1.00000000658178,0.752427577668917
305100.000000769,3544.70847331711,1.00000000686893,0.752729683101298
305200.000000746,3548.924817272,1.0000000069603,0.753824759097751
305300.000000723,3553.14240715723,1.00000000708171,0.754617219373044
305400.0000007,3557.36064704878,1.00000000696208,0.753752081379613
305500.000000676,3561.58155280833,1.00000000680674,0.753377745302301
305600.000000653,3565.80611241611,1.00000000725624,0.753234631857684
305700.00000063,3570.03407611153,1.0000000067833,0.753424147032197
305800.000000606,3574.26444134351,1.00000000674618,0.753650302119526
305900.000000583,3578.49751693909,1.00000000693154,0.753244891470134
306000.00000056,3582.73365296147,1.00000000669306,0.752933395181836
306100.000000537,3586.97351270792,1.00000000667736,0.752819595982534
306200.000000513,3591.21668997995,1.00000000704582,0.752828797620268
306300.00000049,3595.46149290615,1.00000000678377,0.753696477606014
306400.000000467,3599.70886192162,1.00000000682054,0.752624766642518
306500.000000443,3603.96023371669,1.00000000682833,0.752665306823997
306600.00000042,3608.21509421225,1.00000000672723,0.75284034148382
306700.000000397,3612.47287907162,1.00000000705497,0.752882909988207
306800.000000374,3616.73287701046,1.0000000069146,0.752251255241603
306900.00000035,3620.99706039388,1.00000000683978,0.751851724256345
307000.000000327,3625.26543971155,1.00000000675261,0.752201224904613
307100.000000304,3629.53687083946,1.00000000670259,0.752967854931075
307200.00000028,3633.80932618499,1.00000000687714,0.752925894060387
307300.000000257,3638.08456156264,1.00000000695211,0.752367220389399
307400.000000234,3642.36395976882,1.0000000070001,0.752681484272562
307500.000000211,3646.6470776963,1.00000000703797,0.752738488632504
307600.000000187,3650.93332752006,1.000000006975,0.752329151900642
307700.000000164,3655.22144549965,1.00000000678517,0.752185268546226
307800.000000141,3659.51175830392,1.00000000694921,0.752304510512667
307900.000000117,3663.8054326587,1.00000000673756,0.752856512816213
308000.000000094,3668.10282569291,1.00000000684824,0.753157151531658
308100.000000071,3672.40433174235,1.00000000665957,0.752591714761491
308200.000000048,3676.70985688857,1.00000000705743,0.751859796785663
308300.000000024,3681.02015049994,1.00000000701069,0.752166322010299
308400.000000001,3685.33500345929,1.00000000694196,0.752288054413666
308499.999999978,3689.65426146344,1.00000000710167,0.752525647961416
308599.999999954,3693.97641850026,1.00000000696843,0.752515190236662
308699.999999931,3698.30228541017,1.00000000692245,0.753036974154859
308799.999999908,3702.63289590736,1.00000000696948,0.752946908447391
308899.999999885,3706.96889625395,1.00000000701521,0.753100116466517
308999.999999861,3711.30998637734,1.00000000683198,0.75323532235566
309099.999999838,3715.65473509687,1.0000000068647,0.752395406165462
309199.999999815,3720.0036996246,1.00000000691949,0.752744689156891
309299.999999792,3724.35672219972,1.00000000682299,0.752914055273726
309399.999999768,3728.71286364924,1.00000000696823,0.753078719387785
309499.999999745,3733.07138099767,1.00000000701146,0.753399042120005
309599.999999722,3737.43205561303,1.00000000691025,0.753718488003499
309699.999999698,3741.79558168043,1.00000000702199,0.753759736637895
309799.999999675,3746.16152409043,1.00000000721851,0.753404557348414
309899.999999652,3750.53015206168,1.00000000706022,0.754360000010924
309999.999999629,3754.90084524187,1.00000000688567,0.753876524527293
310099.999999605,3759.27372641995,1.00000000709017,0.75304828039885
310199.999999582,3763.65015575483,1.00000000690582,0.753796716472206
310299.999999559,3768.03023332718,1.00000000683963,0.755219443731969
310399.999999535,3772.41334121964,1.00000000692014,0.754427683552284
310499.999999512,3776.7993387431,1.0000000069486,0.754032154329152
310599.999999489,3781.1884256716,1.00000000685022,0.753405999507278
310699.999999466,3785.58145730988,1.00000000709157,0.754652408306704
310799.999999442,3789.97824150565,1.00000000701396,0.754618472831406
310899.999999419,3794.3780174429,1.00000000695997,0.754135084647082
310999.999999396,3798.78010661181,1.00000000706795,0.753767792510753
311099.999999372,3803.18560595482,1.0000000069167,0.753815542394043
311199.999999349,3807.59491705697,1.00000000684905,0.753269560193568
311299.999999326,3812.00887272222,1.00000000698991,0.75363627539886
311399.999999303,3816.4265723377,1.00000000706587,0.753594695011581
311499.999999279,3820.84833339441,1.0000000070092,0.754236099798996
311599.999999256,3825.27486704456,1.00000000696604,0.753927650991282
311699.999999233,3829.7058971056,1.00000000692773,0.753351631940923
311799.999999209,3834.14090650295,1.00000000696408,0.753659011442949
311899.999999186,3838.57900567014,1.00000000693412,0.753862968242587
311999.999999163,3843.02121293368,1.00000000703613,0.754231416596176
312099.99999914,3847.46783069238,1.00000000719975,0.754659873679429
312199.999999116,3851.917919096,1.00000000692114,0.75479222342531
312299.999999093,3856.37063787996,1.00000000715292,0.754851234728906
312399.99999907,3860.82698288365,1.00000000691852,0.753624756422522
312499.999999046,3865.28786620772,1.00000000706319,0.753976210497074
312599.999999023,3869.75401332995,1.00000000701502,0.75442248365428
312699.999999,3874.2238499253,1.00000000686288,0.753948293812138
312799.999998977,3878.69658897875,1.00000000711094,0.754210399992494
312899.999998953,3883.17160160084,1.00000000698411,0.754258037827796
312999.99999893,3887.64952344922,1.00000000719571,0.75471829974978
313099.999998907,3892.13032922231,1.00000000682343,0.755134093949292
313199.999998883,3896.61391758159,1.00000000707372,0.755106567449878
313299.99999886,3901.09952750811,1.00000000703586,0.75509217306579
313399.999998837,3905.5876725997,1.0000000070631,0.755173797210633
313499.999998814,3910.07846400676,1.00000000694515,0.754729830212834
313599.99999879,3914.57146652595,1.00000000702119,0.755547397907702
313699.999998767,3919.06608598833,1.00000000689726,0.755490252310922
313799.999998744,3923.56200257535,1.00000000705645,0.75522569733911
313899.99999872,3928.05987732834,1.00000000700413,0.754848294476331
313999.999998697,3932.56011691094,1.00000000692644,0.754914221279095
314099.999998674,3937.06289481152,1.00000000707281,0.755368721605549
314199.999998651,3941.56821281048,1.00000000701046,0.755899350026925
314299.999998627,3946.07662323779,1.00000000695374,0.755195929181096
314399.999998604,3950.58893206493,1.00000000709385,0.754759852343973
314499.999998581,3955.10497954458,1.00000000701856,0.755207834806001
314599.999998557,3959.62415067742,1.00000000706507,0.755064925689675
314699.999998534,3964.14688554272,1.00000000682862,0.754413504485439
314799.999998511,3968.6737313463,1.00000000715925,0.754896434794168
314899.999998488,3973.20489315631,1.00000000693882,0.754692623745033
314999.999998464,3977.73999356304,1.00000000708155,0.754252171959381
315099.999998441,3982.27932041236,1.00000000701414,0.753761337427828
315199.999998418,3986.82420490083,1.00000000698094,0.753710470894411
315299.999998395,3991.37467449936,1.00000000717483,0.753888678392038
315399.999998371,3995.93051254871,1.00000000711324,0.753392550613598
315499.999998348,4000.49152972605,1.00000000694008,0.753155425583064
315599.999998325,4005.05839843489,1.00000000699395,0.75408403637412
315699.999998301,4009.63005414361,1.00000000713765,0.754803899286475
315799.999998278,4014.20587118076,1.00000000694156,0.755562484612318
315899.999998255,4018.78552785651,1.00000000712939,0.755080333927369
315999.999998232,4023.36948072566,1.00000000725156,0.755328494734387
316099.999998208,4027.95735296975,1.00000000722754,0.754959902178756
316199.999998185,4032.54881031828,1.00000000687359,0.754912835378062
316299.999998162,4037.14469519369,1.00000000696737,0.754362945943025
316399.999998138,4041.74494075082,1.00000000715881,0.753740920409975
316499.999998115,4046.34933612199,1.00000000705905,0.754526136527256
316599.999998092,4050.95788412753,1.00000000702084,0.754150696254491
316699.999998069,4055.570797719,1.00000000706565,0.754022655497252
316799.999998045,4060.18793923483,1.00000000722543,0.754641702069287
316899.999998022,4064.8078778446,1.00000000719632,0.755096739337054
316999.999997999,4069.4300468811,1.00000000702983,0.755151126387543
317099.999997975,4074.05480955204,1.00000000700208,0.755087735779737
317199.999997952,4078.6837903486,1.00000000704167,0.755293899415917
317299.999997929,4083.31627319125,1.00000000712572,0.755885333344845
317399.999997906,4087.95132759083,1.00000000733871,0.756132293919422
317499.999997882,4092.58897241231,1.00000000716106,0.755651429968047
317599.999997859,4097.23112273204,1.0000000071229,0.755707886438031
317699.999997836,4101.87761218424,1.0000000071863,0.755938462493213
317799.999997812,4106.52667844226,1.00000000698466,0.756157852912537
317899.999997789,4111.17929626406,1.00000000709679,0.756564923704236
317999.999997766,4115.83644652485,1.00000000724461,0.75621740747737
318099.999997743,4120.4968708661,1.00000000680944,0.755709871928651
318199.999997719,4125.16044831907,1.0000000070235,0.755801415609152
318299.999997696,4129.82734174773,1.00000000704992,0.755679984363439
318399.999997673,4134.49769663889,1.00000000703591,0.756414827683899
318499.999997649,4139.17189260287,1.00000000720154,0.756665588430753
318599.999997626,4143.84835777703,1.00000000714233,0.756845309337146
318699.999997603,4148.52686730206,1.00000000720265,0.756313731302058
318799.99999758,4153.20945567804,1.00000000713067,0.756252962002252
318899.999997556,4157.89624640825,1.00000000714612,0.756630640309357
318999.999997533,4162.58670307347,1.00000000690519,0.755873444243211
319099.99999751,4167.27974113101,1.00000000726244,0.756034436511031
319199.999997486,4171.97694527339,1.0000000072031,0.75565690448476
319299.999997463,4176.67867698167,1.00000000733988,0.756164669104403
319399.99999744,4181.38355174792,1.00000000721916,0.755972458222602
319499.999997417,4186.09111952557,1.00000000729324,0.755952502864747
319599.999997393,4190.803218478,1.00000000698807,0.755960890128148
319699.99999737,4195.52004072824,1.00000000706009,0.755624352701235
319799.999997347,4200.24061187163,1.00000000716926,0.755424972046668
319899.999997323,4204.96507844538,1.00000000723291,0.755780338415197
319999.9999973,4209.69409354937,1.00000000744147,0.755904358305939
320099.999997277,4214.42719423005,1.00000000723534,0.756070978127721
320199.999997254,4219.16361989082,1.00000000718247,0.756225587800305
320299.99999723,4223.90327644215,1.00000000712839,0.755644616904502
320399.999997207,4228.64603346252,1.00000000694603,0.756086434433518
320499.999997184,4233.39266846531,1.00000000714988,0.756402969701019
320599.999997161,4238.14337027462,1.00000000719325,0.756502054425964
320699.999997137,4242.89885826363,1.00000000723624,0.75573915432992
320799.999997114,4247.65830899439,1.00000000731809,0.756068470739883
320899.999997091,4252.42211807042,1.00000000734686,0.755656064504891
320999.999997067,4257.19099636903,1.00000000689125,0.755462535822868
321099.999997044,4261.96499344307,1.00000000725508,0.755949117809503
321199.999997021,4266.74406809144,1.00000000702356,0.756302819844676
321299.999996998,4271.52798403824,1.00000000713773,0.755276876147964
321399.999996974,4276.31672234097,1.00000000706732,0.75587133416713
321499.999996951,4281.10993411576,1.00000000731733,0.75652215073276
321599.999996928,4285.90813329697,1.00000000719607,0.756890818086217
321699.999996904,4290.71102421442,1.0000000071121,0.757756890783797
321799.999996881,4295.51790842684,1.0000000070746,0.757719248193417
321899.999996858,4300.32830148761,1.00000000731335,0.756797590310987
321999.999996835,4305.14212950835,1.00000000733651,0.756552929081435
322099.999996811,4309.95942431539,1.00000000727388,0.756238434166553
322199.999996788,4314.77958819718,1.00000000740314,0.756030568258902
322299.999996765,4319.60295694294,1.0000000071361,0.755491056220717
322399.999996741,4324.42999221086,1.00000000717446,0.755665132624582
322499.999996718,4329.26030055882,1.00000000712981,0.755667292901315
322599.999996695,4334.0935014618,1.00000000731214,0.756754912426106
322699.999996672,4338.92995063664,1.00000000716276,0.756228015063281
322799.999996648,4343.76982643058,1.00000000714478,0.755659280631654
322899.999996625,4348.61336492209,1.00000000736572,0.756018419232232
322999.999996602,4353.46065025682,1.0000000074867,0.75698419475321
323099.999996578,4358.31099648578,1.00000000731336,0.756526880528467
323199.999996555,4363.1642364428,1.00000000723697,0.756253708492253
323299.999996532,4368.02036276078,1.00000000707956,0.755898973166387
323399.999996509,4372.88027739471,1.00000000728126,0.755393168335594
323499.999996485,4377.74440384174,1.00000000721416,0.756037939981884
323599.999996462,4382.61264798282,1.00000000717093,0.756373521703629
323699.999996439,4387.48432696427,1.00000000719205,0.756501807018692
323799.999996415,4392.3597409037,1.00000000723824,0.756510120096731
323899.999996392,4397.23908253326,1.00000000707776,0.756029439985957
323999.999996369,4402.12236430594,1.00000000719235,0.756219537065483
324099.999996346,4407.00934678735,1.00000000724677,0.756942767629174
324199.999996322,4411.89989647733,1.00000000728807,0.75742923131316
324299.999996299,4416.79447539825,1.0000000073176,0.757400693874575
324399.999996276,4421.69351096335,1.00000000731802,0.756801341130534
324499.999996252,4426.59670254104,1.00000000734851,0.756672275618135
324599.999996229,4431.50339876868,1.00000000735041,0.756439791532969
324699.999996206,4436.41369105713,1.0000000074132,0.75704347653126
324799.999996183,4441.32792329382,1.00000000729996,0.757238701663027
324899.999996159,4446.24626755002,1.00000000737812,0.757100583665541
324999.999996136,4451.1685888331,1.00000000747667,0.757344089371938
325099.999996113,4456.0946264758,1.00000000713027,0.757049052608669
325199.999996089,4461.02430857686,1.00000000729328,0.756405018084033
325299.999996066,4465.95808422693,1.00000000739156,0.756396714397085
325399.999996043,4470.89534967695,1.00000000724342,0.756133993932757
325499.99999602,4475.83683745133,1.00000000713281,0.756176284531309
325599.999995996,4480.78190329212,1.00000000718173,0.756974536637997
325699.999995973,4485.73030905063,1.00000000733832,0.758072005559284
325799.99999595,4490.68169034919,1.00000000726989,0.758187608781679
325899.999995927,4495.63602308199,1.00000000732271,0.758331318764898
325999.999995903,4500.59305479333,1.00000000725302,0.757273423185394
326099.99999588,4505.55337899522,1.00000000730435,0.757554553773627
326199.999995857,4510.51673686662,1.00000000727787,0.757597461556772
326299.999995833,4515.48305311327,1.00000000726127,0.757836624367182
326399.99999581,4520.45234459196,1.00000000711584,0.757291696308743
326499.999995787,4525.42547067974,1.00000000725433,0.756925172642797
326599.999995764,4530.40339169921,1.00000000736065,0.756781957316329
326699.99999574,4535.38635338051,1.00000000746823,0.757340772574117
326799.999995717,4540.37327223666,1.00000000736415,0.756880972702832
326899.999995694,4545.36435915435,1.00000000744441,0.757269658321089
326999.99999567,4550.35929868639,1.00000000741438,0.757530281737647
327099.999995647,4555.35870686493,1.00000000734324,0.757297735407557
327199.999995624,4560.36164558739,1.00000000730146,0.757460448401294
327299.999995601,4565.36824297249,1.00000000743486,0.757426466489767
327399.999995577,4570.37909072169,1.00000000743117,0.756994311552372
327499.999995554,4575.39351407338,1.00000000733596,0.756807845646194
327599.999995531,4580.41195546404,1.00000000725376,0.757165705823669
327699.999995507,4585.43458321122,1.00000000735659,0.757974697507589
327799.999995484,4590.46189300308,1.00000000736582,0.757208482058596
327899.999995461,4595.49296037685,1.00000000731501,0.757542570170217
327999.999995438,4600.52711546977,1.00000000722347,0.757290839356758
328099.999995414,4605.56476007863,1.00000000729893,0.757917087859705
328199.999995391,4610.60502926408,1.00000000752298,0.757712429261271
328299.999995368,4615.64850170394,1.00000000752817,0.757813807730248
328399.999995344,4620.69555643268,1.00000000739084,0.757046482477871
328499.999995321,4625.7466607146,1.00000000725774,0.756676464337813
328599.999995298,4630.80182131485,1.00000000743051,0.757507952910262
328699.999995275,4635.8612864674,1.00000000744722,0.757839324883244
328799.999995251,4640.92401226515,1.00000000736092,0.757049801137258
328899.999995228,4645.9894414917,1.00000000749618,0.757422081636723
328999.999995205,4651.0578305053,1.00000000742224,0.758161181976542
329099.999995181,4656.12935459338,1.00000000736959,0.757264815396162
329199.999995158,4661.20323417381,1.00000000747833,0.757240277928055
329299.999995135,4666.27985520969,1.00000000726007,0.757552382490048
329399.999995112,4671.35929879221,1.00000000736955,0.757241453279494
329499.999995088,4676.4424916633,1.00000000742845,0.758311511693275
329599.999995065,4681.52896890765,1.00000000741862,0.757817469687399
329699.999995042,4686.61917638574,1.00000000736979,0.757754136333013
329799.999995018,4691.71370202186,1.00000000740433,0.757758023514221
329899.999994995,4696.81212977689,1.00000000732155,0.757596142037686
329999.999994972,4701.91398832505,1.00000000687523,0.757836151419581
330099.999994949,4707.0187651029,1.00000000741876,0.758566727157857
330199.999994925,4712.12728902914,1.00000000730532,0.758106484965
330299.999994902,4717.24006238488,1.0000000072571,0.757966859729351
330399.999994879,4722.35737910527,1.00000000775159,0.757855857606508
330499.999994855,4727.4779794043,1.0000000072589,0.758174646797636
330599.999994832,4732.60321640122,1.00000000752724,0.757648797352466
330699.999994809,4737.73312330246,1.00000000749816,0.758304585705365
330799.999994786,4742.86727512783,1.00000000741978,0.759199424806739
330899.999994762,4748.00463660275,1.00000000747896,0.759354500641202
330999.999994739,4753.1459953595,1.00000000753018,0.758155781598268
331099.999994716,4758.2913391818,1.0000000075408,0.758411247095172
331199.999994693,4763.43998111142,1.00000000732245,0.758467480416443
331299.999994669,4768.59216699944,1.00000000732106,0.758523625173487
331399.999994646,4773.74894504108,1.00000000748641,0.758702057627007
331499.999994623,4778.91074518592,1.00000000752644,0.758413709741372
331599.999994599,4784.07692992417,1.00000000736835,0.759157569598504
331699.999994576,4789.24685627031,1.00000000759831,0.759200719824564
331799.999994553,4794.42063987375,1.0000000073592,0.758548969375969
331899.99999453,4799.59890304239,1.00000000740676,0.758656897882307
331999.999994506,4804.78231861911,1.00000000766915,0.758401205005373
332099.999994483,4809.97104655181,1.00000000735562,0.758532513088102
332199.99999446,4815.16401949119,1.00000000740008,0.758498334339679
332299.999994436,4820.36125153443,1.0000000072272,0.758192740805655
332399.999994413,4825.56299269113,1.00000000732796,0.759282426662344
332499.99999439,4830.76856354871,1.00000000737556,0.758881624824998
332599.999994367,4835.97800347333,1.0000000074943,0.758752089674688
332699.999994343,4841.19210120045,1.00000000749029,0.758693019582479
332799.99999432,4846.41100679795,1.00000000752757,0.759606856419449
332899.999994297,4851.63362379888,1.00000000741292,0.759324401779299
332999.999994273,4856.85951943784,1.00000000754945,0.759512675736457
333099.99999425,4862.0887420754,1.00000000750472,0.759225719021776
333199.999994227,4867.32252744632,1.00000000735979,0.758895496872064
333299.999994204,4872.56146196892,1.00000000737403,0.759142425622323
333399.99999418,4877.80441084306,1.0000000072659,0.759240366336625
333499.999994157,4883.05172149433,1.00000000748709,0.759194935691007
333599.999994134,4888.30372670831,1.00000000759939,0.759095868655477
333699.99999411,4893.56048169872,1.00000000736543,0.758978640465144
333799.999994087,4898.8218790825,1.00000000749066,0.758798376357479
333899.999994064,4904.08761491662,1.00000000740073,0.757925615875082
333999.999994041,4909.35782887146,1.0000000075146,0.758510654136641
334099.999994017,4914.63139280989,1.00000000733079,0.757858753467177
334199.999993994,4919.90859887747,1.0000000075387,0.757129537107551
334299.999993971,4925.18955374329,1.00000000715198,0.757811866523213
334399.999993947,4930.47397255124,1.00000000743043,0.75798823700382
334499.999993924,4935.76193684456,1.0000000074098,0.758873415998555
334599.999993901,4941.05351404635,1.00000000742047,0.758658551846627
334699.999993878,4946.34888788816,1.00000000756273,0.758836987142916
334799.999993854,4951.64756872811,1.00000000751096,0.759510267634271
334899.999993831,4956.9499953385,1.0000000074407,0.760110669358523
334999.999993808,4962.2543173543,1.00000000755207,0.760036214138765
335099.999993784,4967.56017164023,1.00000000760823,0.759805472662457
335199.999993761,4972.86923777903,1.00000000757961,0.759182271340043
335299.999993738,4978.18105989442,1.00000000759975,0.759391184528331
335399.999993715,4983.49565542931,1.00000000767462,0.759033953020058
335499.999993691,4988.81343814556,1.0000000073766,0.758816952589549
335599.999993668,4994.13503510249,1.0000000077407,0.759022684197723
335699.999993645,4999.4602576805,1.0000000073725,0.759306573872544
335799.999993621,5004.78856158464,1.00000000748347,0.759478558522154
335899.999993598,5010.12000525473,1.00000000748372,0.758938833161249
335999.999993575,5015.4551489949,1.00000000774021,0.759349020726474
336099.999993552,5020.7937378603,1.00000000768059,0.759204450078861
336199.999993528,5026.13565886238,1.00000000761959,0.75910021281517
336299.999993505,5031.48069786166,1.00000000751613,0.759844745914257
336399.999993482,5036.82870256338,1.00000000765227,0.760157726493208
336499.999993459,5042.18055926684,1.0000000075491,0.759887258617176
336599.999993435,5047.53680293053,1.00000000776859,0.759940029179216
336699.999993412,5052.89705390381,1.0000000073819,0.759503575414964
336799.999993389,5058.26158606621,1.00000000762873,0.759841755876043
336899.999993365,5063.63022161149,1.00000000759141,0.759837035475801
336999.999993342,5069.00307625194,1.00000000778588,0.759104057833757
337099.999993319,5074.37944627199,1.00000000762638,0.759089075290788
337199.999993296,5079.75936533371,1.00000000759664,0.759561693742231
337299.999993272,5085.14311174196,1.00000000741978,0.760760005608336
337399.999993249,5090.53011344931,1.00000000750367,0.760687581742722
337499.999993226,5095.92114775328,1.00000000742092,0.760037633383216
337599.999993202,5101.31632419161,1.00000000748604,0.759960895226722
337699.999993179,5106.71534377144,1.00000000756987,0.759567491353372
337799.999993156,5112.11790572411,1.00000000759799,0.759710020601632
337899.999993133,5117.52385138896,1.00000000751522,0.759193320739019
337999.999993109,5122.933173786,1.00000000738805,0.758515310698591
338099.999993086,5128.34583627925,1.00000000753389,0.759676865250972
338199.999993063,5133.76225370425,1.00000000758779,0.759348523624552
338299.999993039,5139.18219015937,1.00000000745503,0.760201904427335
338399.999993016,5144.60635034415,1.00000000786733,0.759800520883449
338499.999992993,5150.034914326,1.00000000767045,0.759812505475327
338599.99999297,5155.46722205194,1.00000000742809,0.759694150637792
338699.999992946,5160.9033176787,1.00000000743494,0.759935480914661
338799.999992923,5166.34295893717,1.00000000748923,0.758866835849092
338899.9999929,5171.78772233828,1.00000000754762,0.758604757170827
338999.999992876,5177.23731979685,1.000000007608,0.758525760609131
339099.999992853,5182.69162746725,1.0000000075517,0.758919861421468
339199.99999283,5188.14990158844,1.00000000766983,0.759351294866939
339299.999992807,5193.61249117545,1.00000000752421,0.759080743163848
339399.999992783,5199.07966688061,1.00000000734389,0.759268211628753
339499.99999276,5204.550461332,1.0000000075204,0.759683486589011
339599.999992737,5210.02462707961,1.00000000768246,0.759594108357906
339699.999992713,5215.50247521601,1.0000000076528,0.759749636291741
339799.99999269,5220.98515818428,1.00000000753654,0.759103381089695
339899.999992667,5226.47229164693,1.00000000764997,0.759111283237034
339999.999992644,5231.96335289129,1.00000000759344,0.759139710413506
340099.99999262,5237.45869899839,1.00000000760191,0.759714311199401
340199.999992597,5242.95840288814,1.00000000769584,0.759133365108671
340299.999992574,5248.46367174995,1.00000000727747,0.758359726648417
340399.99999255,5253.97455176227,1.00000000763627,0.758803489417009
340499.999992527,5259.49070705186,1.00000000777299,0.759847422349073
340599.999992504,5265.01127215868,1.00000000759724,0.760164793326915
340699.999992481,5270.53585286883,1.0000000074438,0.759715032612527
340799.999992457,5276.06532691896,1.00000000770009,0.760292545118802
340899.999992434,5281.59864678215,1.00000000759945,0.760196299497419
340999.999992411,5287.13608209997,1.00000000752535,0.76066993349951
341099.999992387,5292.67732807604,1.00000000737173,0.760652290687548
341199.999992364,5298.2230947424,1.00000000754553,0.760453302350481
341299.999992341,5303.77358246585,1.00000000751489,0.760410574622597
341399.999992318,5309.32787788353,1.00000000758608,0.760728613423985
341499.999992294,5314.88457538482,1.00000000748833,0.760936652545041
341599.999992271,5320.44419359181,1.00000000778933,0.760460578067866
341699.999992248,5326.00796312233,1.00000000792186,0.761102212163201
341799.999992225,5331.57580820759,1.00000000752502,0.760509909912046
341899.999992201,5337.14819086365,1.00000000744399,0.760474896019578
341999.999992178,5342.72500258526,1.00000000750117,0.759790213063131
342099.999992155,5348.30619095864,1.0000000074668,0.759675288271617
342199.999992131,5353.89197640219,1.00000000774817,0.759933216769211
342299.999992108,5359.48296231397,1.00000000745358,0.760343635524656
342399.999992085,5365.07918042562,1.00000000780703,0.759569095143253
342499.999992062,5370.67920984503,1.00000000770995,0.760134046488409
342599.999992038,5376.28282962,1.00000000757756,0.760142572302361
342699.999992015,5381.89064449015,1.00000000779097,0.759900331649822
342799.999991992,5387.50201805508,1.00000000774814,0.760691001097628
342899.999991968,5393.11696841622,1.00000000767582,0.760655554401109
342999.999991945,5398.73524376218,1.00000000764923,0.76006927840446
343099.999991922,5404.35650668401,1.00000000772312,0.760563846090689
343199.999991899,5409.97992927194,1.00000000753807,0.759908424071349
343299.999991875,5415.60622900821,1.00000000763447,0.759826736749182
343399.999991852,5421.23511438609,1.00000000748909,0.7607765756321
343499.999991829,5426.86750221462,1.00000000777107,0.760405732449621
343599.999991805,5432.50352291853,1.00000000754961,0.760070230043702
343699.999991782,5438.14336788826,1.00000000773303,0.760150680531057
343799.999991759,5443.78644253437,1.0000000074739,0.760602562107889
343899.999991736,5449.4329850824,1.00000000778408,0.76008101300409
343999.999991712,5455.08349328698,1.00000000772649,0.760487255118794
344099.999991689,5460.7380330472,1.00000000771068,0.761373769640001
344199.999991666,5466.39587513161,1.00000000761477,0.762041556346702
344299.999991642,5472.05725073259,1.00000000772455,0.762144409459737
344399.999991619,5477.72251397903,1.00000000805688,0.761635040307299
344499.999991596,5483.39250994979,1.00000000763168,0.761812555156897
344599.999991573,5489.06670828187,1.00000000774966,0.761514998534067
344699.999991549,5494.74501996472,1.00000000756671,0.762381311977669
344799.999991526,5500.42689066193,1.00000000757983,0.761961975423255
344899.999991503,5506.11206223946,1.00000000761663,0.762148635579051
344999.999991479,5511.80063789795,1.00000000766678,0.761997262601753
345099.999991456,5517.49330437792,1.00000000775487,0.762720013362958
345199.999991433,5523.18955884851,1.00000000769107,0.762033955387807
345299.99999141,5528.88955006803,1.00000000772769,0.761763325651661
345399.999991386,5534.59339276719,1.00000000768304,0.760822208223567
345499.999991363,5540.30225202121,1.00000000767113,0.760622642733185
345599.99999134,5546.01518486511,1.00000000756345,0.76200194851758
345699.999991316,5551.73158635693,1.00000000770842,0.762291266985426
345799.999991293,5557.45144049212,1.00000000752459,0.762246678405096
345899.99999127,5563.17558353785,1.00000000773932,0.761875837662779
345999.999991247,5568.90361181985,1.00000000772072,0.761702592222559
346099.999991223,5574.63497885671,1.00000000792503,0.760962298853503
346199.9999912,5580.36992493251,1.00000000777143,0.761170159421151
346299.999991177,5586.10834834571,1.00000000782201,0.761114335362145
346399.999991153,5591.84981788493,1.00000000770125,0.761356230372221
346499.99999113,5597.59483261786,1.00000000774679,0.761239492139752
346599.999991107,5603.3423871464,1.00000000777032,0.761451430824589
346699.999991084,5609.09430459152,1.00000000794404,0.761263938239079
346799.99999106,5614.85037091794,1.0000000078363,0.76088823638693
346899.999991037,5620.6097858141,1.00000000766085,0.761169487331203
346999.999991014,5626.3726213532,1.00000000765017,0.761462355083863
347099.999990991,5632.13965095028,1.00000000771032,0.761244306804912
347199.999990967,5637.91122651784,1.00000000775683,0.761541423840175
347299.999990944,5643.68672632645,1.0000000077487,0.761259996947545
347399.999990921,5649.46630942898,1.00000000777308,0.761042135217812
347499.999990897,5655.24900367151,1.00000000788591,0.761843481101357
347599.999990874,5661.03538251612,1.00000000806697,0.761958791904125
347699.999990851,5666.82584709759,1.00000000787783,0.761733129690491
347799.999990828,5672.62109645092,1.00000000763443,0.761872463659513
347899.999990804,5678.42172884029,1.00000000765789,0.761185461380646
347999.999990781,5684.22770099454,1.00000000755894,0.761626695328895
348099.999990758,5690.03921925943,1.00000000774509,0.761254244646505
348199.999990734,5695.85577132904,1.00000000807067,0.760655170674026
348299.999990711,5701.67671368569,1.00000000783606,0.762281488974613
348399.999990688,5707.50127009306,1.00000000775651,0.762221702841496
348499.999990665,5713.33108046717,1.00000000783312,0.761559403506028
348599.999990641,5719.16606613306,1.00000000776361,0.760923947615696
348699.999990618,5725.00553632002,1.00000000776442,0.761657732635134
348799.999990595,5730.84897864619,1.00000000788521,0.761406726900984
348899.999990571,5736.69641197091,1.00000000770699,0.761874819940588
348999.999990548,5742.54824017598,1.00000000772528,0.761715581723056
349099.999990525,5748.40431536573,1.0000000075224,0.761621452061242
349199.999990502,5754.26459395728,1.00000000790229,0.761905922022556
349299.999990478,5760.12920476875,1.00000000749371,0.761440033895428
349399.999990455,5765.99747186871,1.00000000785547,0.760635594355489
349499.999990432,5771.8698104749,1.00000000779091,0.761014156781892
349599.999990408,5777.74615232699,1.00000000769097,0.761531079531527
349699.999990385,5783.62682018512,1.00000000798489,0.760789038448777
349799.999990362,5789.51258551294,1.00000000765269,0.760634046637182
349899.999990339,5795.40325042893,1.00000000801338,0.760826337252016
349999.999990315,5801.29850363201,1.00000000783329,0.761321872748521
350099.999990292,5807.19809021483,1.00000000790664,0.760876592734651
350199.999990269,5813.10265521887,1.00000000778061,0.761205540570164
350299.999990245,5819.01136171291,1.0000000076595,0.761370366380848
350399.999990222,5824.92402923733,1.00000000802571,0.76119642408204
350499.999990199,5830.84026906737,1.00000000793364,0.761236273673399
350599.999990176,5836.76045131894,1.00000000791941,0.762124763717359
350699.999990152,5842.6839793758,1.00000000806105,0.761427034550652
350799.999990129,5848.6101835622,1.00000000771772,0.761445063413844
350899.999990106,5854.54005106109,1.00000000786169,0.761203062248978
350999.999990082,5860.47432604839,1.00000000773899,0.761525993088225
351099.999990059,5866.41291154285,1.00000000786996,0.761773910090856
351199.999990036,5872.35581390769,1.00000000790493,0.761520354216158
351299.999990013,5878.30285284916,1.00000000793023,0.762391320489602
351399.999989989,5884.25455441526,1.00000000794356,0.762262587787871
351499.999989966,5890.21060753896,1.000000008027,0.761705464626041
351599.999989943,5896.17095849709,1.000000007715,0.761573918167203
351699.999989919,5902.13535186024,1.00000000799431,0.762455910737689
351799.999989896,5908.10363884281,1.00000000769386,0.762713370069876
351899.999989873,5914.07601660334,1.00000000788012,0.761574413488731
351999.99998985,5920.05284821356,1.00000000781497,0.761284498119853
352099.999989826,5926.03397424692,1.0000000079654,0.761703789238108
352199.999989803,5932.01877854669,1.0000000078243,0.762327783268102
352299.99998978,5938.0078807043,1.00000000801079,0.762312707332932
352399.999989756,5944.00137563865,1.000000007627,0.762515504454919
352499.999989733,5949.99955286718,1.00000000778447,0.762633481050885
352599.99998971,5956.00207548623,1.00000000805453,0.762346604799246
352699.999989687,5962.00907252148,1.00000000777613,0.762248013304724
352799.999989663,5968.02173601086,1.00000000781661,0.761520737966286
352899.99998964,5974.04018427351,1.00000000784864,0.761238071303209
352999.999989617,5980.0631250732,1.00000000749283,0.761960974759065
353099.999989594,5986.08978697452,1.00000000786148,0.762484672730631
353199.99998957,5992.11912204955,1.00000000784361,0.76298290340338
353299.999989547,5998.15101885196,1.00000000792404,0.762324855666517
353399.999989524,6004.18675723967,1.00000000779752,0.762688471249709
353499.9999895,6010.22648404033,1.00000000793969,0.76280799224883
353599.999989477,6016.26965139365,1.00000000789223,0.762430814558544
353699.999989454,6022.3167233962,1.00000000787859,0.762034014624141
353799.999989431,6028.36771981287,1.00000000789234,0.76248898109143
353899.999989407,6034.42193434311,1.00000000816639,0.763242385578645
353999.999989384,6040.47909836191,1.00000000795547,0.762610782989248
354099.999989361,6046.54001272365,1.00000000790377,0.76277112098233
354199.999989337,6052.60417812369,1.00000000804638,0.76297508919762
354299.999989314,6058.67162712669,1.0000000077434,0.763210108174272
354399.999989291,6064.74230476326,1.00000000796088,0.762868052076617
354499.999989268,6070.81603386752,1.00000000782993,0.76315535788005
354599.999989244,6076.89280447506,1.0000000080226,0.763021595172929
354699.999989221,6082.97345272122,1.00000000783764,0.763347394554309
354799.999989198,6089.05780603326,1.00000000790947,0.763029622489563
354899.999989174,6095.14656387615,1.00000000773541,0.762886938879124
354999.999989151,6101.23971307497,1.00000000777217,0.763458643078038
355099.999989128,6107.33755771521,1.00000000790851,0.762978826276521
355199.999989105,6113.43973308829,1.00000000771598,0.763349716097873
355299.999989081,6119.54663735633,1.0000000081014,0.762794426386349
355399.999989058,6125.65911232204,1.00000000806331,0.763273164998449
355499.999989035,6131.77643905736,1.00000000797538,0.763220943023394
355599.999989011,6137.89880953985,1.00000000788893,0.763481526447424
355699.999988988,6144.02595936795,1.00000000776002,0.762983521555351
355799.999988965,6150.15758978383,1.00000000785382,0.762902826191259
355899.999988942,6156.29349148877,1.00000000798708,0.763061721918584
355999.999988918,6162.43346904105,1.00000000798805,0.763904288975007
356099.999988895,6168.5783778416,1.00000000822751,0.763745538319025
356199.999988872,6174.72834220263,1.00000000797993,0.763594742932896
356299.999988848,6180.88310078795,1.00000000792938,0.763287330987359
356399.999988825,6187.04198743682,1.00000000781622,0.763272786595352
356499.999988802,6193.20523229169,1.00000000814152,0.763071653354276
356599.999988779,6199.37264327642,1.00000000801939,0.762495922814489
356699.999988755,6205.54464689839,1.00000000794644,0.762344935778714
356799.999988732,6211.72132114209,1.00000000803291,0.762100731906097
356899.999988709,6217.9030331993,1.000000008214,0.762347483199091
356999.999988685,6224.08946431483,1.00000000786356,0.762824712224045
357099.999988662,6230.28048099508,1.00000000792539,0.762886850400261
357199.999988639,6236.47577024826,1.00000000796382,0.763075634181304
357299.999988616,6242.67537588265,1.00000000811493,0.76306949568686
357399.999988592,6248.87929986728,1.00000000802215,0.762597809671458
357499.999988569,6255.08865898146,1.00000000794605,0.763257057486489
357599.999988546,6261.30283755263,1.00000000783085,0.763627267284248
357699.999988522,6267.52197864852,1.00000000811846,0.763850997025979
357799.999988499,6273.74496739838,1.00000000807388,0.763680139674451
357899.999988476,6279.97227595013,1.00000000804952,0.763101382253293
357999.999988453,6286.20480165678,1.00000000788831,0.763149046425494
358099.999988429,6292.44216446568,1.00000000794296,0.763094862581765
358199.999988406,6298.68357852239,1.00000000785967,0.763912123464316
358299.999988383,6304.92902321953,1.00000000784732,0.764514871561059
358399.99998836,6311.17783017144,1.0000000079251,0.764303556521297
358499.999988336,6317.42995128888,1.00000000803863,0.764576893472462
358599.999988313,6323.68584785844,1.00000000809985,0.764315067508433
358699.99998829,6329.94578905578,1.00000000789206,0.763894271151306
358799.999988266,6336.20965155834,1.00000000776937,0.763623306915599
358899.999988243,6342.47698941502,1.00000000786969,0.764236514065011
358999.99998822,6348.7475526321,1.00000000787489,0.763619189526624
359099.999988197,6355.02216769365,1.00000000797505,0.763563508518972
359199.999988173,6361.30010438746,1.0000000081549,0.763525906500592
359299.99998815,6367.58137573102,1.00000000794501,0.763985441872167
359399.999988127,6373.86567158593,1.00000000802011,0.764122149215655
359499.999988103,6380.15299895187,1.00000000822316,0.76394197640863
359599.99998808,6386.44410560648,1.00000000805168,0.763978442213646
359699.999988057,6392.73926228764,1.00000000807622,0.763536557384607
359799.999988034,6399.03856288142,1.00000000796957,0.763234230149274
359899.99998801,6405.34168828462,1.00000000810394,0.762833459553977
359999.999987987,6411.64896462577,1.0000000078121,0.763202376820357
360099.999987964,6417.9594758049,1.00000000806604,0.763465649837002
360199.99998794,6424.27309850084,1.00000000808772,0.763606405597365
360299.999987917,6430.59032076913,1.00000000811718,0.763471107675468
360399.999987894,6436.91129202971,1.00000000803392,0.763398287942405
360499.999987871,6443.23561127509,1.00000000810023,0.764172391813669
360599.999987847,6449.56387952617,1.00000000812023,0.764109395318532
360699.999987824,6455.89643664581,1.00000000820896,0.763911480414935
360799.999987801,6462.23306176781,1.00000000794047,0.763542519029836
360899.999987777,6468.57459774523,1.00000000800832,0.763238514356885
360999.999987754,6474.92085114518,1.00000000825533,0.762660981527813
361099.999987731,6481.27130955076,1.00000000782558,0.763050847890189
361199.999987708,6487.62529477922,1.00000000827081,0.763296754821046
361299.999987684,6493.98284603493,1.00000000795737,0.763877966731309
361399.999987661,6500.34429164417,1.00000000799402,0.763580428952504
361499.999987638,6506.71025852442,1.00000000822682,0.763706164324441
361599.999987614,6513.08129697437,1.00000000785163,0.763937546740866
361699.999987591,6519.4565536345,1.00000000801229,0.764268269547888
361799.999987568,6525.83679533655,1.00000000790479,0.764508094832473
361899.999987545,6532.22145225072,1.00000000819913,0.764843484349961
361999.999987521,6538.61062498656,1.00000000790357,0.763780402590568
362099.999987498,6545.00433166164,1.00000000797006,0.764539203772342
362199.999987475,6551.40286424446,1.00000000805387,0.764385636714627
362299.999987451,6557.80633733792,1.00000000791202,0.763808559776816
362399.999987428,6564.2144310978,1.00000000796247,0.764301394257817
362499.999987405,6570.6266655127,1.00000000822222,0.764266444111298
362599.999987382,6577.04391988743,1.00000000792378,0.764311974979718
362699.999987358,6583.46601413822,1.00000000793994,0.763525920180938
362799.999987335,6589.89351827699,1.00000000837948,0.764140257561803
362899.999987312,6596.32514662927,1.00000000810055,0.764679010305271
362999.999987288,6602.76100789446,1.00000000827917,0.763933255062764
363099.999987265,6609.200221268,1.00000000800282,0.764378109516711
363199.999987242,6615.64283796322,1.00000000828725,0.764314591659549
363299.999987219,6622.08917215261,1.00000000802253,0.765004706111749
363399.999987195,6628.53911676274,1.00000000814205,0.764794507622514
363499.999987172,6634.99247585799,1.00000000790056,0.764606626981501
363599.999987149,6641.4494833722,1.00000000802618,0.764875661140991
363699.999987126,6647.91041404126,1.0000000081845,0.764146041052424
363799.999987102,6654.37653999637,1.0000000080131,0.764295398106051
363899.999987079,6660.84748091385,1.00000000813034,0.764120750699635
363999.999987056,6667.32304770406,1.00000000802606,0.764491631243686
364099.999987032,6673.80226179309,1.00000000799575,0.764443573797623
364199.999987009,6680.28619053955,1.00000000803596,0.76429101821913
364299.999986986,6686.77421105659,1.00000000802312,0.764747059782042
364399.999986963,6693.26609642965,1.0000000080724,0.764859969800379
364499.999986939,6699.76160395505,1.00000000807189,0.764341418895229
364599.999986916,6706.26118415915,1.00000000804196,0.76375211992761
364699.999986893,6712.76527823588,1.00000000820703,0.764411609410549
364799.999986869,6719.27335377172,1.00000000799101,0.76385370783157
364899.999986846,6725.78590731091,1.00000000793373,0.764659262739227
364999.999986823,6732.30324784478,1.00000000801854,0.765323617211928
365099.9999868,6738.82549188788,1.00000000825269,0.765374454450048
365199.999986776,6745.35200913939,1.00000000800316,0.765350355939657
365299.999986753,6751.88189119512,1.00000000851525,0.765445176787056
365399.99998673,6758.41547387172,1.00000000807292,0.765748571711428
365499.999986706,6764.95305408321,1.00000000808897,0.765806962942612
365599.999986683,6771.49465881504,1.00000000831421,0.765532288546295
365699.99998666,6778.04005952328,1.00000000791082,0.765701553858418
365799.999986637,6784.58930576239,1.00000000786679,0.765380887906777
365899.999986613,6791.14191574073,1.00000000810892,0.765810414169541
365999.99998659,6797.6975066781,1.00000000827365,0.765753173165108
366099.999986567,6804.25636675918,1.00000000828234,0.765088583958111
366199.999986543,6810.819978354,1.00000000819821,0.765204013070297
366299.99998652,6817.38827564547,1.00000000824947,0.764511953116158
366399.999986497,6823.96017125176,1.00000000823923,0.764747546670015
366499.999986474,6830.53608192655,1.00000000801292,0.764573188282761
366599.99998645,6837.11646963391,1.00000000820343,0.764563351713128
366699.999986427,6843.70156798618,1.00000000814974,0.765224614607589
366799.999986404,6850.2909774364,1.00000000822036,0.765241882112968
366899.99998638,6856.88400359785,1.00000000801859,0.764937252100848
366999.999986357,6863.48160651077,1.00000000825858,0.764397550343466
367099.999986334,6870.08520312967,1.000000008134,0.763480313872105
367199.999986311,6876.69429752535,1.00000000816934,0.763963291672394
367299.999986287,6883.30821706007,1.00000000828176,0.764340934484017
367399.999986264,6889.92774197917,1.00000000837085,0.76432819659109
367499.999986241,6896.55249951299,1.00000000813025,0.764939621522006
367599.999986217,6903.18103372301,1.00000000823757,0.764580053062316
367699.999986194,6909.8131985959,1.00000000811147,0.765257602961763
367799.999986171,6916.44901309641,1.00000000803019,0.764757393851117
367899.999986148,6923.08942905582,1.00000000827676,0.764689495200093
367999.999986124,6929.73409426594,1.00000000828355,0.764884970744452
368099.999986101,6936.38287143686,1.00000000824489,0.764343255009839
368199.999986078,6943.03632196609,1.00000000820443,0.764690417475766
368299.999986054,6949.69475611769,1.00000000846795,0.764971318271721
368399.999986031,6956.35817234311,1.00000000847982,0.765355402182439
368499.999986008,6963.0260638101,1.00000000807486,0.76540897501735
368599.999985985,6969.69824720517,1.00000000819855,0.765281249951366
368699.999985961,6976.37509370757,1.00000000817526,0.765566345906257
368799.999985938,6983.05605093241,1.00000000853149,0.765844946419268
368899.999985915,6989.74056651577,1.00000000819911,0.766166012897897
368999.999985892,6996.42958833017,1.0000000082256,0.765731379782272
369099.999985868,7003.12326125671,1.00000000812488,0.765957973442501
369199.999985845,7009.82106910274,1.00000000784876,0.766259178185317
369299.999985822,7016.52242120257,1.00000000832781,0.765665045776725
369399.999985798,7023.22772134834,1.00000000811984,0.764908622328424
369499.999985775,7029.93758605458,1.00000000830772,0.764254634593732
369599.999985752,7036.65182608748,1.00000000835267,0.76473305184247
369699.999985729,7043.37038977395,1.00000000826285,0.765116948827976
369799.999985705,7050.09308849016,1.00000000823318,0.765139548388447
369899.999985682,7056.82002444965,1.00000000830992,0.765531889809569
369999.999985659,7063.55122727488,1.00000000824869,0.765775157031141
370099.999985635,7070.2859386629,1.00000000825378,0.766073483590726
370199.999985612,7077.024005997,1.00000000821842,0.765281421186298
370299.999985589,7083.76613115009,1.00000000840491,0.765215280004073
370399.999985566,7090.51231471618,1.00000000848698,0.765050643501559
370499.999985542,7097.26373817528,1.00000000824162,0.765792956999281
370599.999985519,7104.02005806702,1.00000000814038,0.765618458021021
370699.999985496,7110.78072503576,1.00000000834197,0.764763482174498
370799.999985472,7117.54628650678,1.00000000834132,0.765461183715328
370899.999985449,7124.31677088515,1.00000000820662,0.766443131286513
370999.999985426,7131.09105237573,1.00000000829174,0.766423124240781
371099.999985403,7137.86877121789,1.00000000817769,0.765907677696084
371199.999985379,7144.64937419414,1.00000000811726,0.766428919682394
371299.999985356,7151.4334965605,1.00000000829402,0.76675256001579
371399.999985333,7158.22043443984,1.00000000840179,0.766081648643351
371499.999985309,7165.01045506294,1.00000000819592,0.76615980864741
371599.999985286,7171.80389330805,1.00000000807791,0.765829035006648
371699.999985263,7178.60142110364,1.00000000849525,0.766757739750919
371799.99998524,7185.40322935678,1.00000000825951,0.767179901150952
371899.999985216,7192.20921436081,1.0000000081668,0.76615847680346
371999.999985193,7199.01928917479,1.00000000836389,0.765429977755338
372099.99998517,7205.83358566268,1.00000000817274,0.766048058887895
372199.999985146,7212.65187901119,1.00000000823655,0.766318439842685
372299.999985123,7219.47458390706,1.00000000820915,0.7665934402017
372399.9999851,7226.30140700026,1.0000000082031,0.766438132950478
372499.999985077,7233.13302018101,1.00000000826244,0.766854235572738
372599.999985053,7239.96955233554,1.00000000820754,0.766498475824572
372699.99998503,7246.81147730477,1.00000000840779,0.766464118939186
372799.999985007,7253.65811456454,1.00000000832669,0.765727453506755
372899.999984983,7260.50949793442,1.0000000082476,0.76532519975091
372999.99998496,7267.36533044034,1.00000000845721,0.765649721217166
373099.999984937,7274.22558807212,1.00000000826093,0.765763889435344
373199.999984914,7281.09028802159,1.00000000840301,0.765813479431671
373299.99998489,7287.95982852322,1.00000000829574,0.765372294721914
373399.999984867,7294.83386854511,1.00000000820029,0.765712032026906
373499.999984844,7301.71271628555,1.00000000835468,0.764704774686811
373599.99998482,7308.59663803845,1.00000000819314,0.765418347313363
373699.999984797,7315.48585502413,1.00000000807395,0.765815568611176
373799.999984774,7322.37976149357,1.00000000843305,0.765515708687408
373899.999984751,7329.27815040592,1.00000000827266,0.765534839605605
373999.999984727,7336.18093055289,1.00000000834806,0.76569780657962
374099.999984704,7343.08769450381,1.00000000843571,0.766129867840316
374199.999984681,7349.998452508,1.00000000834506,0.765701326212492
374299.999984658,7356.91350020636,1.0000000082973,0.766021986843012
374399.999984634,7363.83329605814,1.00000000841328,0.765658635895303
374499.999984611,7370.75821419703,1.00000000830015,0.766030920300497
374599.999984588,7377.68751925772,1.00000000830038,0.766087070828835
374699.999984564,7384.62160780082,1.00000000844167,0.766159291640502
374799.999984541,7391.56168710153,1.00000000823425,0.766461363208206
374899.999984518,7398.5068461009,1.00000000836127,0.766796074859684
374999.999984495,7405.45705887116,1.00000000836185,0.767100534552532
375099.999984471,7412.4112679223,1.00000000829637,0.767368949590077
375199.999984448,7419.36986065296,1.00000000841225,0.766989399996703
375299.999984425,7426.33219979582,1.00000000816,0.766265487966653
375399.999984401,7433.29890169798,1.00000000832033,0.766091789614356
375499.999984378,7440.26898333462,1.00000000852089,0.766211761162881
375599.999984355,7447.2443943404,1.00000000824117,0.765710222732505
375699.999984332,7454.22514201278,1.00000000817731,0.766005513661728
375799.999984308,7461.21123221073,1.00000000841515,0.766206224226874
375899.999984285,7468.20158433966,1.00000000815071,0.766524285204129
375999.999984262,7475.19553723343,1.00000000834629,0.767346316771148
376099.999984238,7482.19405290075,1.00000000806455,0.767546785000144
376199.999984215,7489.19670648921,1.00000000849851,0.767414150806978
376299.999984192,7496.20314635395,1.0000000087123,0.766336372108463
376399.999984169,7503.21406911152,1.0000000083674,0.766198838705031
376499.999984145,7510.229731493,1.00000000853381,0.767227758629011
376599.999984122,7517.24935598872,1.00000000860926,0.766857645434507
376699.999984099,7524.27348805787,1.00000000841635,0.766632484903624
376799.999984075,7531.30184461255,1.00000000854009,0.766383703708187
376899.999984052,7538.33474848716,1.0000000085577,0.766339004809373
376999.999984029,7545.37215537614,1.00000000843831,0.766664899876031
377099.999984006,7552.41329889659,1.00000000844541,0.767325696237039
377199.999983982,7559.45690787202,1.0000000083355,0.767377250519696
377299.999983959,7566.50398868276,1.00000000824552,0.766494446122425
377399.999983936,7573.55495255799,1.00000000848696,0.766257397129081
377499.999983912,7580.61087557487,1.00000000815022,0.766791234099031
377599.999983889,7587.66984141862,1.0000000084604,0.767134999022079
377699.999983866,7594.73285753971,1.00000000819616,0.766989115651523
377799.999983843,7601.79939580235,1.0000000085876,0.766802838694851
377899.999983819,7608.86957091965,1.00000000847112,0.767060187944498
377999.999983796,7615.94328383615,1.00000000842502,0.767029924835122
378099.999983773,7623.02126131606,1.00000000833781,0.766769185632521
378199.999983749,7630.10416005561,1.00000000844417,0.767089234851981
378299.999983726,7637.19154388689,1.00000000846434,0.767113444339903
378399.999983703,7644.28349501885,1.00000000830878,0.767565065278088
378499.99998368,7651.37905352188,1.00000000841619,0.767501397424021
378599.999983656,7658.47861743615,1.00000000847162,0.767430757162298
378699.999983633,7665.58165491712,1.00000000833897,0.767214269801403
378799.99998361,7672.68955300007,1.00000000855192,0.766740276148652
378899.999983586,7679.80157632756,1.00000000850232,0.767097393038341
378999.999983563,7686.9171260417,1.00000000877252,0.766902204427525
379099.99998354,7694.03677150771,1.00000000846522,0.767533358319319
379199.999983517,7701.16148192473,1.00000000843276,0.767964918279323
379299.999983493,7708.29095942986,1.00000000817762,0.766995232588938
379399.99998347,7715.42485649003,1.00000000842327,0.767241530969856
379499.999983447,7722.56221433318,1.00000000822735,0.767466107465138
379599.999983424,7729.70336073689,1.00000000859624,0.76718129953453
379699.9999834,7736.84798116611,1.00000000851626,0.767675661996266
379799.999983377,7743.99612872483,1.00000000837616,0.767976622076074
379899.999983354,7751.14801651063,1.00000000858501,0.7670049815291
379999.99998333,7758.30450108031,1.00000000839851,0.767628669214988
380099.999983307,7765.46569724995,1.00000000816156,0.767683657410876
380199.999983284,7772.63175771457,1.00000000860679,0.767461285836166
380299.999983261,7779.8019683956,1.00000000837316,0.767384508433276
380399.999983237,7786.97659676481,1.00000000859454,0.766610503204967
380499.999983214,7794.15522376318,1.00000000844279,0.767442847500862
380599.999983191,7801.33740195868,1.00000000833039,0.766928928737042
380699.999983167,7808.52359745532,1.00000000861086,0.76683903022366
380799.999983144,7815.71276546375,1.00000000828165,0.76734718140707
380899.999983121,7822.9044363567,1.00000000823995,0.767216497412171
380999.999983098,7830.09902171604,1.00000000840387,0.76690639841366
381099.999983074,7837.29696014609,1.00000000853051,0.766880336249396
381199.999983051,7844.49931860089,1.00000000823189,0.767491003344114
381299.999983028,7851.70503254933,1.00000000852868,0.766763008076207
381399.999983004,7858.91521000542,1.00000000875694,0.766601838665851
381499.999982981,7866.12979407159,1.00000000863516,0.766333342039385
381599.999982958,7873.34878983933,1.0000000086389,0.767169352445737
381699.999982935,7880.57233402121,1.00000000866898,0.767336919233466
381799.999982911,7887.79960619294,1.0000000085466,0.768330798212812
381899.999982888,7895.0294523664,1.00000000848898,0.768948002311678
381999.999982865,7902.26243490192,1.00000000828296,0.768567277773533
382099.999982841,7909.49939914039,1.00000000870388,0.768370889808944
382199.999982818,7916.74057145141,1.00000000837974,0.768461625462028
382299.999982795,7923.98610381601,1.00000000843865,0.768134044384616
382399.999982772,7931.23546268361,1.00000000840333,0.768239222454419
382499.999982748,7938.48973284125,1.00000000864847,0.768081926948386
382599.999982725,7945.74849786685,1.00000000832851,0.768470620509225
382699.999982702,7953.01204150563,1.000000008466,0.768473412158389
382799.999982678,7960.28026724473,1.00000000851852,0.768749992795798
382899.999982655,7967.55353062419,1.00000000873475,0.768554900092624
382999.999982632,7974.83085075948,1.00000000837069,0.768006437360924
383099.999982609,7982.11280288483,1.00000000850526,0.767328545884347
383199.999982585,7989.39918857535,1.00000000847328,0.76783903710252
383299.999982562,7996.69034552641,1.00000000854475,0.766879493205513
383399.999982539,8003.98586707193,1.00000000855208,0.767219539841426
383499.999982515,8011.28659947067,1.00000000844767,0.768665320470505
383599.999982492,8018.59150941004,1.00000000836783,0.768273953156427
383699.999982469,8025.9008653819,1.00000000861131,0.767714945907603
383799.999982446,8033.214475032,1.00000000861013,0.767599833531927
383899.999982422,8040.53224182981,1.00000000842532,0.767885333811376
383999.999982399,8047.85425281543,1.00000000852153,0.768236973853624
384099.999982376,8055.18170416363,1.00000000851726,0.766924129199757
384199.999982352,8062.51510707088,1.00000000868126,0.766876303871282
384299.999982329,8069.85391325316,1.00000000856449,0.767147910387783
384399.999982306,8077.19718260285,1.0000000084797,0.766972799619186
384499.999982283,8084.54451098512,1.00000000850553,0.767831509150018
384599.999982259,8091.89600306431,1.00000000860065,0.768302974066159
384699.999982236,8099.25129352259,1.00000000836769,0.767907372394927
384799.999982213,8106.60978499589,1.00000000870661,0.768284669715353
384899.99998219,8113.97204076078,1.00000000876265,0.76898246752746
384999.999982166,8121.33823547646,1.0000000085563,0.768676383982703
385099.999982143,8128.70949838969,1.00000000835286,0.768302664676368
385199.99998212,8136.08580178272,1.0000000084184,0.768230617420167
385299.999982096,8143.46702885589,1.00000000871132,0.767808856803448
385399.999982073,8150.85301125492,1.0000000085823,0.767794505289566
385499.99998205,8158.24448976982,1.0000000086112,0.767664052163904
385599.999982027,8165.64052188721,1.00000000858647,0.76836907684827
385699.999982003,8173.04048757189,1.00000000859362,0.768623968822628
385799.99998198,8180.44437614579,1.00000000846272,0.768560224545016
385899.999981957,8187.85260134095,1.00000000844702,0.768569061924129
385999.999981933,8195.26611554291,1.00000000857335,0.768949218818411
386099.99998191,8202.68487964426,1.00000000869059,0.768567044643775
386199.999981887,8210.10874278095,1.00000000846711,0.768867290353415
386299.999981864,8217.53743028781,1.0000000085252,0.768497627263634
386399.99998184,8224.97046305355,1.00000000856093,0.768654267085814
386499.999981817,8232.40792771644,1.00000000889293,0.76831025167053
386599.999981794,8239.84987862537,1.00000000883504,0.767877585373845
386699.99998177,8247.29604258377,1.00000000886041,0.768672956533873
386799.999981747,8254.74545254743,1.00000000868838,0.768523185706128
386899.999981724,8262.19930513209,1.00000000860031,0.768645344987541
386999.999981701,8269.65766433674,1.00000000828782,0.768561846080531
387099.999981677,8277.11986832988,1.00000000827807,0.768857311252017
387199.999981654,8284.58585721619,1.00000000878346,0.76881627183081
387299.999981631,8292.05672132204,1.000000008441,0.768921100721057
387399.999981607,8299.53303270222,1.00000000885549,0.769633614535381
387499.999981584,8307.01435707126,1.00000000864113,0.769311253672581
387599.999981561,8314.50055716509,1.00000000869962,0.768866576064595
387699.999981538,8321.99158373064,1.00000000851611,0.769141436301006
387799.999981514,8329.48707465363,1.00000000850586,0.769107557108411
387899.999981491,8336.98687382439,1.00000000863541,0.768584063824664
387999.999981468,8344.4906509114,1.00000000847732,0.768703078758437
388099.999981444,8351.99860572112,1.00000000845116,0.768798174126596
388199.999981421,8359.51079459532,1.00000000847955,0.768253245931578
388299.999981398,8367.02698829018,1.00000000869823,0.768943043797787
388399.999981375,8374.54786408861,1.0000000088813,0.769022683959501
388499.999981351,8382.07325678717,1.00000000873511,0.768539340715639
388599.999981328,8389.60280373017,1.0000000085555,0.767918310378427
388699.999981305,8397.13697391468,1.00000000862597,0.76788745424149
388799.999981281,8404.67597021534,1.00000000862125,0.768075913419469
388899.999981258,8412.21947155555,1.00000000845688,0.767330728438991
388999.999981235,8419.76675044442,1.00000000866196,0.767201188591903
389099.999981212,8427.31829501789,1.00000000861837,0.76787311715626
389199.999981188,8434.8747555251,1.00000000873106,0.767905372283483
389299.999981165,8442.43683267168,1.0000000088968,0.76868386303275
389399.999981142,8450.00317178802,1.0000000085684,0.769096256014846
389499.999981118,8457.57416434042,1.00000000848159,0.768733567648763
389599.999981095,8465.15041320704,1.00000000880254,0.769054383129999
389699.999981072,8472.73167176208,1.00000000873534,0.768199273167979
389799.999981049,8480.31758896731,1.00000000863107,0.768902344575656
389899.999981025,8487.90771825467,1.00000000845594,0.769063855380395
389999.999981002,8495.50218560143,1.00000000868421,0.768885669007052
390099.999980979,8503.10105624944,1.00000000871119,0.768541076721562
390199.999980956,8510.70447985826,1.00000000887829,0.768242970638379
390299.999980932,8518.31214632278,1.00000000850615,0.768975870545249
390399.999980909,8525.92383125318,1.00000000887997,0.768979348125393
390499.999980886,8533.54004445098,1.00000000828707,0.768593558027452
390599.999980862,8541.16103703717,1.00000000876317,0.769013631286037
390699.999980839,8548.78634875159,1.00000000864388,0.769415089566109
390799.999980816,8556.41495671547,1.00000000863025,0.77034028580771
390899.999980793,8564.04691307644,1.00000000864207,0.769381985121713
390999.999980769,8571.6827778295,1.00000000837582,0.769190502477696
391099.999980746,8579.32307116105,1.0000000088361,0.769303312678369
391199.999980723,8586.96776974815,1.00000000883141,0.769179084433589
391299.999980699,8594.61599016663,1.00000000891614,0.768611019784042
391399.999980676,8602.26875012773,1.0000000085821,0.769183300225648
391499.999980653,8609.9259483587,1.00000000874803,0.769194798287105
391599.99998063,8617.5874304246,1.00000000852091,0.769539396928315
391699.999980606,8625.25237131934,1.00000000878878,0.769382110509878
391799.999980583,8632.92057856278,1.00000000867358,0.76970342034789
391899.99998056,8640.59243229524,1.00000000858244,0.769688876035287
391999.999980536,8648.26808039447,1.00000000869566,0.769350995118792
392099.999980513,8655.94839144685,1.00000000870901,0.769032006176488
392199.99998049,8663.6319815294,1.00000000873596,0.769119330524005
392299.999980467,8671.31902865298,1.00000000879744,0.769362689048439
392399.999980443,8679.00959008515,1.00000000871171,0.769950818478898
392499.99998042,8686.70334673295,1.00000000873406,0.769445147144666
392599.999980397,8694.40155874763,1.00000000840728,0.76911912819913
392699.999980373,8702.10335625045,1.00000000853425,0.769498451178521
392799.99998035,8709.80962067954,1.00000000874414,0.769719628181539
392899.999980327,8717.5201723284,1.00000000883458,0.769026193386012
392999.999980304,8725.23555746149,1.00000000860735,0.769052766585919
393099.99998028,8732.95466171202,1.00000000865239,0.769250475511856
393199.999980257,8740.67766402628,1.00000000865315,0.768856695124569
393299.999980234,8748.40467969523,1.00000000880959,0.768584917689014
393399.99998021,8756.13671672854,1.00000000859106,0.768499091033087
393499.999980187,8763.8737783808,1.0000000088397,0.768696271025312
393599.999980164,8771.6153877926,1.00000000865813,0.768727081339617
393699.999980141,8779.36106853011,1.00000000893112,0.768919715923935
393799.999980117,8787.11144260691,1.00000000893737,0.768299666775929
393899.999980094,8794.8669997262,1.0000000088453,0.768118420873629
393999.999980071,8802.62774142414,1.00000000848721,0.769141621707296
394099.999980047,8810.39273800407,1.00000000906691,0.768820692337633
394199.999980024,8818.16098924515,1.00000000874413,0.769141792042798
394299.999980001,8825.93275771476,1.00000000864411,0.77009728211208
394399.999979978,8833.70825674088,1.00000000901796,0.769924769982829
394499.999979954,8841.48794276667,1.00000000875794,0.768993544147517
394599.999979931,8849.27227330326,1.00000000849194,0.768652278963824
394699.999979908,8857.06170087811,1.00000000851621,0.769261823949724
394799.999979884,8864.85545785874,1.00000000884014,0.769351754417357
394899.999979861,8872.65446973933,1.00000000885455,0.769681177760911
394999.999979838,8880.45834961383,1.00000000873731,0.769803386390391
395099.999979815,8888.26744733735,1.00000000896452,0.769362105116125
395199.999979791,8896.08094809788,1.00000000877386,0.769609341339642
395299.999979768,8903.89896193824,1.0000000087624,0.769569038503786
395399.999979745,8911.7210336408,1.00000000871724,0.769270947391441
395499.999979721,8919.54733548857,1.00000000893845,0.769697335408344
395599.999979698,8927.37788342771,1.00000000870486,0.770205671836852
395699.999979675,8935.21301325782,1.00000000876819,0.770287779128355
395799.999979652,8943.05251767187,1.00000000889752,0.770689049573691
395899.999979628,8950.89544031409,1.00000000889116,0.770956713290614
395999.999979605,8958.74217041249,1.00000000886178,0.77033934905632
396099.999979582,8966.59226679699,1.00000000893405,0.770388924525658
396199.999979559,8974.44575192897,1.00000000889409,0.770404661607023
396299.999979535,8982.30237483126,1.00000000858436,0.770372881863142
396399.999979512,8990.16166296567,1.00000000874242,0.770055676817697
396499.999979489,8998.02361089854,1.00000000900226,0.769669710429953
396599.999979465,9005.88834692939,1.00000000902313,0.769851558046285
396699.999979442,9013.75662701118,1.00000000879283,0.769856852021301
396799.999979419,9021.62853857836,1.00000000874482,0.769733858680608
396899.999979396,9029.5045596423,1.00000000871664,0.769530760344311
396999.999979372,9037.3850927297,1.00000000887366,0.769316779156427
397099.999979349,9045.27041298323,1.00000000882988,0.769701472716347
397199.999979326,9053.160905156,1.00000000854242,0.770282627470657
397299.999979302,9061.05651161125,1.00000000891865,0.770719955509967
397399.999979279,9068.95678022597,1.00000000874511,0.770316981313427
397499.999979256,9076.8615114048,1.00000000848484,0.770386468215525
397599.999979233,9084.77256235421,1.00000000894409,0.770042727233583
397699.999979209,9092.68956226163,1.00000000869192,0.770505780261062
397799.999979186,9100.61127481572,1.00000000894896,0.769780148470176
397899.999979163,9108.53809964056,1.00000000884505,0.769837345186012
397999.999979139,9116.47045613478,1.00000000885468,0.769406655416582
398099.999979116,9124.40807206801,1.00000000889699,0.769928009238782
398199.999979093,9132.35094762401,1.00000000896151,0.770165347342668
398299.99997907,9140.29903832473,1.0000000090654,0.770790088863867
398399.999979046,9148.2529442081,1.00000000888848,0.770057066747195
398499.999979023,9156.21285873624,1.00000000902463,0.769756394491195
398599.999979,9164.17807493795,1.00000000875028,0.770591722694282
398699.999978976,9172.1484060382,1.00000000878124,0.770071995683301
398799.999978953,9180.12314968672,1.00000000875818,0.770609586641541
398899.99997893,9188.10208335544,1.00000000865589,0.771301098818272
398999.999978907,9196.08521609656,1.00000000889916,0.770745596755905
399099.999978883,9204.07345866279,1.00000000873384,0.76975646384885
399199.99997886,9212.06677399616,1.0000000089307,0.769511965115668
399299.999978837,9220.06377963547,1.00000000903637,0.770257759182594
399399.999978813,9228.06447496784,1.00000000887609,0.770213521491214
399499.99997879,9236.0700461503,1.00000000889018,0.770807108096939
399599.999978767,9244.07956311125,1.00000000892044,0.770666685201187
399699.999978744,9252.09296689414,1.0000000085935,0.771278688413121
399799.99997872,9260.10996587167,1.00000000890562,0.771704394657375
399899.999978697,9268.13093165729,1.00000000865156,0.772119698633485
399999.999978674,9276.15550232072,1.0000000086591,0.771854921789852
400099.99997865,9284.1847554552,1.0000000088668,0.771086870201725
400199.999978627,9292.21866774434,1.00000000882323,0.770995371662038
400299.999978604,9300.25706935234,1.00000000886449,0.770832268124157
400399.999978581,9308.30008648002,1.00000000875186,0.771101120662426
400499.999978557,9316.34826834358,1.00000000889991,0.77134620510169
400599.999978534,9324.40136339552,1.00000000889997,0.771124732406618
400699.999978511,9332.45887881063,1.00000000897608,0.771020846366038
400799.999978487,9340.52117214698,1.00000000878846,0.771945835460068
400899.999978464,9348.58812496197,1.00000000892277,0.771316991608404
400999.999978441,9356.66002231612,1.00000000903044,0.770687137103577
401099.999978418,9364.73585163387,1.00000000874694,0.770520712424457
401199.999978394,9372.81510085765,1.00000000896721,0.770160687566943
401299.999978371,9380.89779395921,1.00000000880316,0.771398789688164
401399.999978348,9388.98470830885,1.00000000898451,0.771190816393052
401499.999978325,9397.07598153095,1.00000000899725,0.770964196453328
401599.999978301,9405.17189839887,1.00000000895548,0.771302581434867
401699.999978278,9413.27229475861,1.00000000894192,0.771200619943056
401799.999978255,9421.37716114519,1.00000000866048,0.770736197951037
401899.999978231,9429.48697628889,1.00000000878839,0.771083117268851
401999.999978208,9437.60171332661,1.00000000879582,0.770775311366969
402099.999978185,9445.72083988414,1.00000000911836,0.770020490858091
402199.999978162,9453.84487962238,1.00000000878135,0.770250924889975
402299.999978138,9461.97344261145,1.00000000898339,0.770771807226563
402399.999978115,9470.10703731164,1.00000000907973,0.770747222775043
402499.999978092,9478.24539069049,1.00000000871661,0.771167612301438
402599.999978068,9486.3874454283,1.00000000910326,0.770956087977453
402699.999978045,9494.53230588126,1.00000000884708,0.771504333985918
402799.999978022,9502.68079049111,1.00000000877178,0.771756090494489
402899.999977999,9510.83326882027,1.00000000892554,0.771187186934958
402999.999977975,9518.98941306586,1.00000000873598,0.771707484774271
403099.999977952,9527.14952495233,1.00000000862592,0.772234971325017
403199.999977929,9535.31369077059,1.00000000882344,0.771704909945566
403299.999977905,9543.48200537241,1.00000000909323,0.77108178526981
403399.999977882,9551.65458617238,1.00000000858255,0.771763273465937
403499.999977859,9559.83151512881,1.00000000896904,0.772122054910636
403599.999977836,9568.01231559772,1.00000000902829,0.771557017045806
403699.999977812,9576.1979795793,1.00000000896009,0.771530668595159
403799.999977789,9584.38818020959,1.00000000875594,0.772075689160426
403899.999977766,9592.58239124968,1.00000000929043,0.772276009692457
403999.999977742,9600.78056580062,1.00000000899412,0.771587013049166
404099.999977719,9608.9833743815,1.00000000875454,0.771472075602215
404199.999977696,9617.19135971599,1.00000000850701,0.77075681367536
404299.999977673,9625.40452353897,1.00000000903805,0.77104036249536
404399.999977649,9633.62198636216,1.00000000897862,0.771558861286762
404499.999977626,9641.84365099025,1.00000000886047,0.772029090167173
404599.999977603,9650.06926826779,1.00000000888413,0.770909373594858
404699.999977579,9658.29954619859,1.00000000887564,0.770966332922076
404799.999977556,9666.53414066157,1.00000000878243,0.77133741976086
404899.999977533,9674.77374734989,1.00000000879951,0.772068969645458
404999.99997751,9683.01727815758,1.0000000091068,0.772021536100655
405099.999977486,9691.26460102328,1.00000000890138,0.772138657721946
405199.999977463,9699.51601970847,1.00000000922109,0.772017416915286
405299.99997744,9707.77187528134,1.00000000901215,0.771404777687487
405399.999977416,9716.03242238866,1.00000000883739,0.771488196866525
405499.999977393,9724.29736175496,1.00000000892943,0.770935415821132
405599.99997737,9732.56660155571,1.00000000905415,0.770851442283161
405699.999977347,9740.83919242372,1.00000000902988,0.771390036645393
405799.999977323,9749.11571447626,1.0000000089306,0.772235187754565
405899.9999773,9757.39639668877,1.00000000902064,0.772704204117709
405999.999977277,9765.68156542369,1.00000000898752,0.771867889696916
406099.999977253,9773.97135675338,1.00000000880338,0.770774310692194
406199.99997723,9782.26573098554,1.00000000885431,0.770995851740059
406299.999977207,9790.56454470241,1.00000000899046,0.771366475137849
406399.999977184,9798.86765675,1.00000000913173,0.771169500186089
406499.99997716,9807.17566998516,1.00000000898122,0.771115872372711
406599.999977137,9815.48839234627,1.00000000917397,0.770930886901209
406699.999977114,9823.80545300963,1.00000000913006,0.771135610796042
406799.999977091,9832.12674143448,1.0000000088039,0.771415973672805
406899.999977067,9840.452347438,1.00000000890673,0.771722364679794
406999.999977044,9848.78247511575,1.00000000901822,0.771696427166375
407099.999977021,9857.11769998401,1.0000000090327,0.771744531992792
407199.999976997,9865.45890236626,1.00000000900779,0.770997656067604
407299.999976974,9873.80523716803,1.0000000091541,0.77162125526954
407399.999976951,9882.15690396679,1.00000000901754,0.771694338967267
407499.999976928,9890.51345412139,1.00000000885231,0.772257081701527
407599.999976904,9898.87534697788,1.00000000879093,0.771754214403733
407699.999976881,9907.24216482365,1.00000000886847,0.77196133028003
407799.999976858,9915.61334768543,1.00000000908479,0.771124841265502
407899.999976834,9923.98876255009,1.00000000901497,0.771280227073504
407999.999976811,9932.36849433433,1.00000000930566,0.771511105111818
408099.999976788,9940.75323113866,1.00000000902016,0.771104947585088
408199.999976765,9949.14263734393,1.00000000885906,0.771366339397586
408299.999976741,9957.53661443495,1.00000000884593,0.771587141446351
408399.999976718,9965.93572508021,1.00000000903092,0.771434244434687
408499.999976695,9974.33926693003,1.00000000902937,0.771052493503336
408599.999976671,9982.74661017451,1.00000000900588,0.771912927692963
408699.999976648,9991.15719207852,1.00000000913362,0.772079889903601
408799.999976625,9999.57230389867,1.0000000088459,0.772440802106423
408899.999976602,10007.9922739034,1.00000000897676,0.772358494555325
408999.999976578,10016.4179108271,1.00000000892752,0.772327040269464
409099.999976555,10024.8482974877,1.00000000928603,0.77242142505906
409199.999976532,10033.2833226744,1.00000000931831,0.771999350560967
409299.999976508,10041.7230391599,1.00000000900896,0.772927870371626
409399.999976485,10050.1676538441,1.00000000912501,0.772515545537113
409499.999976462,10058.6163827702,1.00000000923172,0.772271830659036
409599.999976439,10067.0686689723,1.00000000915859,0.772041345596393
409699.999976415,10075.525163897,1.00000000929314,0.771867361032056
409799.999976392,10083.9863997981,1.00000000906466,0.771576023268598
409899.999976369,10092.4520751575,1.00000000907393,0.771900574313665
409999.999976345,10100.9219745242,1.00000000924267,0.772673838656256
410099.999976322,10109.3956117936,1.0000000089934,0.77382257598832
410199.999976299,10117.8726515903,1.00000000886962,0.773500621603185
410299.999976276,10126.3539313151,1.00000000905522,0.77267655788732
410399.999976252,10134.8394787805,1.00000000916317,0.772164745381283
410499.999976229,10143.3295577732,1.00000000912852,0.772531742690373
410599.999976206,10151.8241094348,1.00000000898046,0.77259446963162
410699.999976182,10160.3236740126,1.00000000906102,0.772069201959557
410799.999976159,10168.8275413834,1.00000000899685,0.772234483281627
410899.999976136,10177.3363595594,1.00000000892605,0.773190904013517
410999.999976113,10185.849765314,1.00000000923108,0.772537136472165
411099.999976089,10194.3673557532,1.00000000887537,0.772965763635426
411199.999976066,10202.8893116207,1.00000000906449,0.772859194139324
411299.999976043,10211.4146891893,1.0000000090154,0.771871188114889
411399.999976019,10219.9446071026,1.00000000905387,0.772793667078872
411499.999975996,10228.4792659724,1.00000000906803,0.772229733408035
411599.999975973,10237.018419787,1.00000000916042,0.773035111950275
411699.99997595,10245.5610795313,1.00000000908737,0.77293282658715
411799.999975926,10254.1072461144,1.00000000914602,0.77290401965209
411899.999975903,10262.6576620563,1.00000000924881,0.772120299913603
411999.99997588,10271.2126773375,1.00000000921211,0.772500153832282
412099.999975857,10279.7722802841,1.00000000914784,0.77254013224881
412199.999975833,10288.3367846003,1.000000008878,0.772743404490954
412299.99997581,10296.9052283375,1.00000000928316,0.772354746740876
412399.999975787,10305.4775179389,1.0000000091498,0.772753504256375
412499.999975763,10314.0536754073,1.00000000902521,0.772955454940878
412599.99997574,10322.6350077211,1.0000000091255,0.772742814911995
412699.999975717,10331.2212180913,1.00000000912425,0.772875925989825
412799.999975694,10339.8112258831,1.00000000908779,0.772785917422817
412899.99997567,10348.4053313912,1.00000000934922,0.772389762531588
412999.999975647,10357.0043762844,1.00000000904005,0.771486296964535
413099.999975624,10365.6077658257,1.00000000906201,0.771973078309756
413199.9999756,10374.2146655579,1.00000000900802,0.772549187150802
413299.999975577,10382.8260352194,1.00000000888053,0.771885391813163
413399.999975554,10391.4422347185,1.00000000933463,0.772017579197033
413499.999975531,10400.0631072035,1.00000000896892,0.77153983845531
413599.999975507,10408.6886880111,1.00000000880213,0.772112164324446
413699.999975484,10417.3188290211,1.00000000918043,0.772172729576558
413799.999975461,10425.9540495738,1.00000000906416,0.772875010559279
413899.999975437,10434.5938280244,1.00000000914265,0.773250190380973
413999.999975414,10443.2391499216,1.00000000902017,0.77292473292496
414099.999975391,10451.889558258,1.00000000920712,0.773616957517034
414199.999975368,10460.5445054864,1.0000000090424,0.773571985036707
414299.999975344,10469.2043056688,1.00000000913698,0.772640688861242
414399.999975321,10477.8693044746,1.00000000921436,0.772515318310332
414499.999975298,10486.5393100164,1.00000000925479,0.772809075626083
414599.999975274,10495.2137882217,1.00000000911387,0.772991660947145
414699.999975251,10503.8926166894,1.00000000919466,0.772419488778021
414799.999975228,10512.5756542978,1.00000000914003,0.77307309378106
414899.999975205,10521.2627680405,1.00000000917355,0.773003082442667
414999.999975181,10529.9542031702,1.00000000920844,0.77276877034239
415099.999975158,10538.6500108039,1.00000000912909,0.77312675993719
415199.999975135,10547.3500664694,1.00000000880578,0.773228003365602
415299.999975111,10556.0543477502,1.00000000915833,0.773460053649049
415399.999975088,10564.7632900708,1.00000000926771,0.77372071108853
415499.999975065,10573.4767855093,1.00000000925339,0.774201528669034
415599.999975042,10582.1945055934,1.00000000910922,0.772842521729976
415699.999975018,10590.9164098173,1.00000000925266,0.77273877164541
415799.999974995,10599.6430238386,1.00000000904582,0.773282327123386
415899.999974972,10608.3748041832,1.00000000917174,0.772803030194004
415999.999974948,10617.1114791955,1.00000000909288,0.773126730899038
416099.999974925,10625.8529956855,1.00000000944735,0.773206392888119
416199.999974902,10634.5990688682,1.00000000924811,0.773527099604927
416299.999974879,10643.349329016,1.00000000919398,0.773719853565347
416399.999974855,10652.1042470799,1.00000000923,0.773123898819752
416499.999974832,10660.8635082053,1.00000000904148,0.773981796142012
416599.999974809,10669.6270063444,1.00000000936546,0.773664983361034
416699.999974785,10678.3946313062,1.00000000920365,0.773973780198228
416799.999974762,10687.1658548757,1.00000000951909,0.774052420469739
416899.999974739,10695.9416714872,1.00000000928086,0.773922027607777
416999.999974716,10704.7220783535,1.00000000934515,0.773048801751224
417099.999974692,10713.506995233,1.00000000937041,0.772151070703983
417199.999974669,10722.2966977536,1.00000000915538,0.772473748379793
417299.999974646,10731.0916924687,1.00000000927935,0.772756613094989
417399.999974623,10739.8911822266,1.00000000925755,0.772702242096641
417499.999974599,10748.6948675777,1.00000000919234,0.77287321974858
417599.999974576,10757.5030528529,1.00000000900908,0.772659533727854
417699.999974553,10766.3159797405,1.00000000905836,0.772734321050999
417799.999974529,10775.1341488043,1.00000000914138,0.772497377975079
417899.999974506,10783.9566112668,1.00000000935998,0.772487923801842
417999.999974483,10792.7845394337,1.00000000920988,0.772040579192759
418099.99997446,10801.6176581648,1.00000000925921,0.771890737590625
418199.999974436,10810.4551829668,1.00000000913518,0.77288900315657
418299.999974413,10819.296758307,1.00000000943391,0.773744267880889
418399.99997439,10828.1429717449,1.00000000939745,0.773326272223402
418499.999974366,10836.9932499015,1.00000000928665,0.774220149161009
418599.999974343,10845.8479423622,1.00000000922561,0.773828207576679
418699.99997432,10854.7074101915,1.00000000929555,0.773377182525444
418799.999974297,10863.5717868534,1.00000000901873,0.773146469574434
418899.999974273,10872.4408475404,1.00000000919529,0.773343028587564
418999.99997425,10881.3141520519,1.00000000937158,0.772750851919428
419099.999974227,10890.1915006358,1.00000000929793,0.772722484088022
419199.999974203,10899.0727752189,1.0000000094685,0.773545348004212
419299.99997418,10907.9580018131,1.00000000924414,0.773844793905815
419399.999974157,10916.8476387248,1.00000000953147,0.773540973538771
419499.999974134,10925.7415029952,1.00000000930104,0.773718435803488
419599.99997411,10934.6398354184,1.00000000920626,0.773675483481551
419699.999974087,10943.5439589663,1.00000000936373,0.773474610281737
419799.999974064,10952.4541656636,1.0000000092322,0.772868817701785
419899.99997404,10961.3697875273,1.00000000933641,0.773118489566169
419999.999974017,10970.2901825403,1.00000000936409,0.77324954793793
420099.999973994,10979.215576177,1.00000000924067,0.773281288195091
420199.999973971,10988.1463004352,1.00000000924757,0.773368868581998
420299.999973947,10997.0813182809,1.00000000926515,0.774431901820998
420399.999973924,11006.0197537284,1.00000000937122,0.774353068492306
420499.999973901,11014.9623266818,1.00000000944332,0.773937705822529
420599.999973877,11023.9090726162,1.00000000932105,0.77402691777094
420699.999973854,11032.8596677408,1.0000000091812,0.7744133993443
420799.999973831,11041.8132608549,1.000000009376,0.774684627273279
420899.999973808,11050.7703388871,1.00000000925983,0.774795909119101
420999.999973784,11059.7312439998,1.00000000943093,0.775149421126413
421099.999973761,11068.6964433579,1.00000000937792,0.775215032947752
421199.999973738,11077.6662802555,1.00000000918836,0.774620250739639
421299.999973714,11086.6405709004,1.00000000918827,0.775236649354256
421399.999973691,11095.6189389475,1.00000000950367,0.775170250895986
421499.999973668,11104.6010276515,1.00000000907746,0.774816567307575
421599.999973645,11113.5874045833,1.00000000922883,0.774735469661229
421699.999973621,11122.5781101131,1.0000000091542,0.774830789033016
421799.999973598,11131.5727881011,1.00000000951037,0.774795391930186
421899.999973575,11140.5717972322,1.00000000978827,0.775021277805892
421999.999973551,11149.5746767089,1.00000000933441,0.774887379468172
422099.999973528,11158.5810238379,1.0000000092515,0.774967714815977
422199.999973505,11167.5909710837,1.00000000932675,0.775293890351947
422299.999973482,11176.6051547463,1.0000000092863,0.775000424518794
422399.999973458,11185.6239161475,1.00000000940337,0.773997032047025
422499.999973435,11194.6476298831,1.00000000917102,0.774940017095183
422599.999973412,11203.6757748038,1.00000000922389,0.774441701323706
422699.999973389,11212.7090518178,1.00000000921209,0.774143188555703
422799.999973365,11221.7482136789,1.00000000924436,0.774316544035598
422899.999973342,11230.7931098306,1.00000000923806,0.774222871897159
422999.999973319,11239.8435642505,1.00000000944246,0.774614633779933
423099.999973295,11248.8994654791,1.00000000920671,0.774968155512672
423199.999973272,11257.9602699644,1.0000000092965,0.774309844743379
423299.999973249,11267.0262985522,1.0000000094987,0.773750896392236
423399.999973226,11276.097060336,1.00000000922263,0.773957342166012
423499.999973202,11285.1720270044,1.00000000937654,0.774438659212418
423599.999973179,11294.2520119543,1.00000000909265,0.774354085624787
423699.999973156,11303.3364427916,1.00000000905088,0.774203511446074
423799.999973132,11312.4258287524,1.00000000917563,0.774318308584242
423899.999973109,11321.5202305095,1.00000000940845,0.773875714889252
423999.999973086,11330.6201437395,1.00000000921418,0.773809443501932
424099.999973063,11339.7249794951,1.00000000926647,0.773446425212996
424199.999973039,11348.835239327,1.0000000095258,0.773658384385757
424299.999973016,11357.9502683419,1.00000000952026,0.774807120682212
424399.999972993,11367.0694080541,1.00000000923561,0.77526201057306
424499.999972969,11376.1929597361,1.00000000934474,0.775004359481745
424599.999972946,11385.3209583273,1.00000000936442,0.774324810251302
424699.999972923,11394.4539323814,1.00000000959636,0.774268232662953
424799.9999729,11403.5916664275,1.00000000950463,0.774272329220777
424899.999972876,11412.733141468,1.00000000935789,0.775311221966143
424999.999972853,11421.8783294348,1.00000000965022,0.775246094728244
425099.99997283,11431.0277084171,1.00000000936526,0.774577010397912
425199.999972806,11440.1820597922,1.00000000937771,0.774319731277671
425299.999972783,11449.3418487983,1.00000000963066,0.774258590374291
425399.99997276,11458.5073837495,1.0000000094305,0.774783025238534
425499.999972737,11467.677769814,1.00000000944129,0.774564717741455
425599.999972713,11476.8528551956,1.00000000954721,0.774982423497683
425699.99997269,11486.0323906536,1.0000000094674,0.774832125622405
425799.999972667,11495.2167604712,1.00000000918265,0.774511468011376
425899.999972643,11504.405586561,1.00000000934402,0.775026713527684
425999.99997262,11513.5984550884,1.00000000895993,0.774931223272977
426099.999972597,11522.7967188953,1.00000000965648,0.774673881492778
426199.999972574,11532.0006235809,1.00000000942968,0.775039237195068
426299.99997255,11541.2097749642,1.00000000953281,0.775291469277154
426399.999972527,11550.423146223,1.00000000972471,0.775717869397501
426499.999972504,11559.640857496,1.00000000939452,0.77479767386082
426599.99997248,11568.8631505375,1.00000000946465,0.774803413891461
426699.999972457,11578.0897408698,1.0000000092414,0.775016668820141
426799.999972434,11587.3201279857,1.00000000922624,0.774960077409516
426899.999972411,11596.5552529828,1.00000000939082,0.774283187262472
426999.999972387,11605.7955682641,1.000000009278,0.774469103893655
427099.999972364,11615.0410249136,1.00000000937134,0.774232959814147
427199.999972341,11624.2908309214,1.00000000953159,0.774615440234593
427299.999972317,11633.5443995393,1.00000000937566,0.775199770292737
427399.999972294,11642.8020335265,1.00000000908157,0.774835007990534
427499.999972271,11652.0638977241,1.00000000949227,0.775128257713475
427599.999972248,11661.3299097262,1.00000000928039,0.775450981583997
427699.999972224,11670.6001682936,1.00000000942762,0.774803922524411
427799.999972201,11679.8759462316,1.00000000934335,0.775245259257188
427899.999972178,11689.157074919,1.00000000954611,0.775499411486073
427999.999972155,11698.4433538117,1.00000000922535,0.775230610859122
428099.999972131,11707.7352185883,1.00000000950368,0.775513111308084
428199.999972108,11717.0307227783,1.00000000939059,0.775577781327009
428299.999972085,11726.3309644706,1.00000000920931,0.774070733176816
428399.999972061,11735.6366185786,1.00000000944848,0.773440646478211
428499.999972038,11744.9470854093,1.00000000952111,0.774384654316767
428599.999972015,11754.2619133778,1.00000000940121,0.775127604753511
428699.999971992,11763.580645562,1.00000000951787,0.774596563390137
428799.999971968,11772.9034291524,1.00000000960015,0.774640947827237
428899.999971945,11782.2310385819,1.00000000964671,0.774270739606735
428999.999971922,11791.5639838581,1.00000000956681,0.774847451197769
429099.999971898,11800.9014688518,1.00000000930943,0.775171740194891
429199.999971875,11810.2437993279,1.00000000951246,0.774972477546851
429299.999971852,11819.591490206,1.00000000966402,0.775268558962394
429399.999971829,11828.9437559379,1.00000000932133,0.775778262011871
429499.999971805,11838.3009902678,1.00000000935593,0.775254679528876
429599.999971782,11847.6621096913,1.0000000098905,0.774562466875322
429699.999971759,11857.0275223319,1.0000000095046,0.774891475480579
429799.999971735,11866.3963841183,1.00000000973684,0.775186394618306
429899.999971712,11875.7692349683,1.00000000924049,0.77488587739553
429999.999971689,11885.1461954142,1.00000000966604,0.775559477265676
430099.999971666,11894.5267264831,1.00000000950568,0.775689686047313
430199.999971642,11903.9116360587,1.00000000939147,0.776133740792314
430299.999971619,11913.3014663151,1.00000000940181,0.775775184386134
430399.999971596,11922.6956373919,1.00000000942142,0.775703036724181
430499.999971572,11932.0936404899,1.00000000913529,0.775179100701837
430599.999971549,11941.4958542632,1.00000000935419,0.774316318968957
430699.999971526,11950.9022684175,1.00000000931227,0.775396921495301
430799.999971503,11960.313274025,1.00000000939091,0.775890649168223
430899.999971479,11969.7278141598,1.0000000097774,0.776175794779819
430999.999971456,11979.1467770676,1.00000000915286,0.775517926609881
431099.999971433,11988.5701204164,1.00000000950431,0.775360493045684
431199.999971409,11997.9977581814,1.00000000931648,0.775814521923413
431299.999971386,12007.4293844425,1.00000000949907,0.775353984152891
431399.999971363,12016.8655276979,1.00000000949244,0.774792033218815
431499.99997134,12026.3060546871,1.00000000936063,0.775364219093786
431599.999971316,12035.7515417113,1.00000000935711,0.776129368937826
431699.999971293,12045.2016969796,1.00000000967882,0.775927166618163
431799.99997127,12054.6564115166,1.0000000094389,0.776326677177182
431899.999971246,12064.1148975739,1.0000000095548,0.77657816068608
431999.999971223,12073.5773937059,1.00000000965724,0.776011109190856
432099.9999712,12083.0444849473,1.00000000953657,0.775732661256498
432199.999971177,12092.5156236133,1.0000000094759,0.775244233383861
432299.999971153,12101.9901277998,1.00000000976315,0.774855651819841
432399.99997113,12111.4680872401,1.00000000950429,0.775152783459745
432499.999971107,12120.950146729,1.00000000936213,0.775634057612687
432599.999971083,12130.436877938,1.00000000947723,0.775603175250592
432699.99997106,12139.9282049687,1.00000000976454,0.775318181492529
432799.999971037,12149.4239812707,1.00000000941128,0.775632406926498
432899.999971014,12158.9235631145,1.00000000954485,0.775903707708478
432999.99997099,12168.4283122617,1.00000000931013,0.775533987109992
433099.999970967,12177.9381527142,1.0000000096271,0.775418991513991
433199.999970944,12187.4529440091,1.00000000948772,0.775495678636045
433299.999970921,12196.9731499054,1.00000000967158,0.775230622354119
433399.999970897,12206.499548045,1.00000000944578,0.775626502591796
433499.999970874,12216.0313921677,1.00000000922075,0.775754865523736
433599.999970851,12225.5679750565,1.00000000971319,0.775010342258824
433699.999970827,12235.1093659941,1.00000000945657,0.774813870360434
433799.999970804,12244.6554519982,1.00000000951288,0.77550952208467
433899.999970781,12254.2063067192,1.00000000974707,0.775729275870231
433999.999970758,12263.7624989005,1.00000000985,0.775269004117464
434099.999970734,12273.3236418991,1.00000000936786,0.775491235301025
434199.999970711,12282.8894988063,1.00000000945142,0.775394365316817
434299.999970688,12292.4598403862,1.00000000919165,0.776108733082683
434399.999970664,12302.0354830073,1.00000000958325,0.77571967543767
434499.999970641,12311.6163317493,1.00000000980029,0.776193299304944
434599.999970618,12321.2016642873,1.00000000952253,0.775992560918942
434699.999970595,12330.7910943768,1.00000000974877,0.775704777854419
434799.999970571,12340.3856222156,1.00000000946093,0.775134896347578
434899.999970548,12349.9857478213,1.00000000939273,0.775561134483434
434999.999970525,12359.5914343213,1.00000000979687,0.776218264731161
435099.999970501,12369.2025688191,1.00000000954065,0.776011809727981
435199.999970478,12378.8183961183,1.00000000964346,0.775877111356854
435299.999970455,12388.4390276664,1.00000000970287,0.775838229464258
435399.999970432,12398.0651065513,1.00000000953443,0.775138606192224
435499.999970408,12407.6961891696,1.00000000936263,0.775817035147655
435599.999970385,12417.331040071,1.00000000966569,0.775786207980927
435699.999970362,12426.9697691334,1.00000000941193,0.776562139145937
435799.999970338,12436.6133095196,1.00000000954982,0.776308479941137
435899.999970315,12446.2613936722,1.00000000974327,0.7764412005938
435999.999970292,12455.9141803697,1.00000000964459,0.776850362683213
436099.999970269,12465.571315465,1.00000000959021,0.776578333170206
436199.999970245,12475.233241593,1.0000000096875,0.775913169691988
436299.999970222,12484.9003713004,1.00000000905737,0.77579939418268
436399.999970199,12494.5726038338,1.00000000953446,0.77642456201027
436499.999970175,12504.250417038,1.00000000977869,0.775905803648224
436599.999970152,12513.9327707748,1.00000000979386,0.776075428495674
436699.999970129,12523.6192565886,1.00000000972215,0.776768554486289
436799.999970106,12533.309072662,1.00000000947348,0.776814873339262
436899.999970082,12543.0024943789,1.0000000096742,0.776652975107973
436999.999970059,12552.7006663355,1.00000000975005,0.776461365203013
437099.999970036,12562.4039752386,1.00000000944888,0.776104082834124
437199.999970012,12572.1112325836,1.00000000960044,0.776195314611076
437299.999969989,12581.8224811438,1.00000000930608,0.776671112101526
437399.999969966,12591.5379925639,1.00000000940137,0.777240487785647
437499.999969943,12601.2578163441,1.00000000958464,0.776258279917324
437599.999969919,12610.9815986794,1.00000000969509,0.775682212159146
437699.999969896,12620.7100736728,1.00000000963323,0.776292189780164
437799.999969873,12630.442998087,1.00000000952919,0.777133856410177
437899.999969849,12640.1801438406,1.00000000962956,0.776905388599959
437999.999969826,12649.9212092255,1.00000000951417,0.776523307284557
438099.999969803,12659.6664859605,1.00000000943026,0.776477821663242
438199.99996978,12669.4168271741,1.00000000968281,0.776690851882592
438299.999969756,12679.1721655409,1.000000009569,0.776325801153376
438399.999969733,12688.9323702976,1.00000000974695,0.777003706010257
438499.99996971,12698.6965862818,1.00000000976839,0.777251302391862
438599.999969686,12708.4643858563,1.00000000982001,0.776680927376886
438699.999969663,12718.2363881389,1.00000000978877,0.776418701254798
438799.99996964,12728.0130276695,1.00000000948746,0.776555159017451
438899.999969617,12737.7934307786,1.00000000945179,0.776410917706521
438999.999969593,12747.5777691674,1.0000000096971,0.776304036074068
439099.99996957,12757.3667691735,1.00000000964587,0.776333294350932
439199.999969547,12767.1605000689,1.00000000956768,0.776192392724839
439299.999969524,12776.9584922601,1.00000000945888,0.776535515761585
439399.9999695,12786.7604908747,1.00000000989148,0.777055691547479
439499.999969477,12796.5669845866,1.0000000095866,0.776970411302955
439599.999969454,12806.3777578057,1.00000000984292,0.776513152228909
439699.99996943,12816.1937361329,1.00000000957909,0.776233316515512
439799.999969407,12826.0140472016,1.00000000959717,0.776398486267305
439899.999969384,12835.8394385004,1.00000000974945,0.775712249623895
439999.999969361,12845.6698323673,1.00000000956944,0.776299043463763
440099.999969337,12855.5043604131,1.00000000961654,0.776659338287958
440199.999969314,12865.3434299262,1.00000000975828,0.776906217739036
440299.999969291,12875.1880636524,1.00000000970324,0.776209537781967
440399.999969267,12885.0380955862,1.00000000964611,0.776564235477678
440499.999969244,12894.8938590895,1.00000000980035,0.776593226766865
440599.999969221,12904.7539072219,1.00000000960512,0.776883625983794
440699.999969198,12914.6187642004,1.00000000973971,0.777002660213439
440799.999969174,12924.4884165451,1.0000000096342,0.776576219930812
440899.999969151,12934.361889615,1.0000000096841,0.776473374068436
440999.999969128,12944.2393280821,1.00000000970918,0.776710892330468
441099.999969104,12954.1206546131,1.00000000965717,0.776745073210088
441199.999969081,12964.0065203002,1.00000000992203,0.776775758253669
441299.999969058,12973.8969931922,1.00000000972817,0.777315217559131
441399.999969035,12983.7916711296,1.00000000927764,0.777724111015317
441499.999969011,12993.690634994,1.00000000980276,0.776570417992478
441599.999968988,13003.5949578365,1.00000000976787,0.776295472594511
441699.999968965,13013.5047773856,1.00000000959262,0.776418167369111
441799.999968941,13023.4195290945,1.00000000973469,0.776961992839354
441899.999968918,13033.338814393,1.00000000978829,0.776970163784749
441999.999968895,13043.2620195768,1.00000000980854,0.776440968806925
442099.999968872,13053.1897369575,1.00000000964321,0.776461110292222
442199.999968848,13063.1218585986,1.00000000995908,0.777155154599705
442299.999968825,13073.0585028236,1.00000000980834,0.77665822921768
442399.999968802,13082.9989585101,1.00000000941792,0.776826952847809
442499.999968778,13092.9435789834,1.00000000961247,0.77638864811805
442599.999968755,13102.8913983905,1.00000000947967,0.777166783474594
442699.999968732,13112.8425605921,1.0000000095839,0.7769718585755
442799.999968709,13122.7970968499,1.00000000986488,0.776948744798766
442899.999968685,13132.7557324731,1.00000000985687,0.776969467681491
442999.999968662,13142.7183429356,1.0000000094845,0.776707032794158
443099.999968639,13152.6843407122,1.00000000977519,0.777000789326398
443199.999968615,13162.653736541,1.00000000989703,0.776968616585119
443299.999968592,13172.6268019767,1.00000000986525,0.777201281781306
443399.999968569,13182.6034469294,1.00000000963189,0.777396730736029
443499.999968546,13192.584019212,1.00000000952826,0.777524973072349
443599.999968522,13202.5689880845,1.00000000987282,0.777663610328483
443699.999968499,13212.5581022416,1.00000000969045,0.77695782789375
443799.999968476,13222.5516894579,1.00000000960511,0.776806601122871
443899.999968452,13232.550033573,1.00000000987379,0.777470374046042
443999.999968429,13242.5534454324,1.00000000965298,0.777458769367433
444099.999968406,13252.561152374,1.00000000972555,0.777244936667343
444199.999968383,13262.5732547789,1.00000000961088,0.776582928220351
444299.999968359,13272.5899614725,1.00000000951351,0.777129557013181
444399.999968336,13282.6106820012,1.00000000976463,0.77779531026547
444499.999968313,13292.6352594723,1.00000000969249,0.777598521373181
444599.99996829,13302.6651557407,1.00000001001311,0.77724855408039
444699.999968266,13312.6998379025,1.00000000982122,0.77694444693708
444799.999968243,13322.7399715678,1.00000000975184,0.77663988227971
444899.99996822,13332.7850728115,1.00000000970187,0.777233868817796
444999.999968196,13342.8353113958,1.0000000098721,0.777434750114663
445099.999968173,13352.8906325895,1.00000000970265,0.777135027519617
445199.99996815,13362.9505738295,1.00000000976606,0.776726032086014
445299.999968127,13373.0148679674,1.00000000971206,0.776911408776416
445399.999968103,13383.083731452,1.00000000964493,0.777427858748178
445499.99996808,13393.1574338106,1.00000000987945,0.777184134282746
445599.999968057,13403.2356072833,1.00000000970113,0.777266116800205
445699.999968033,13413.3188970793,1.00000000990446,0.777557108673997
445799.99996801,13423.4081378732,1.00000000984773,0.777207902583387
445899.999967987,13433.5020577516,1.00000000970582,0.777950586648694
445999.999967964,13443.5999876477,1.00000000991429,0.77879012342471
446099.99996794,13453.7009304447,1.00000000982318,0.778759099079519
446199.999967917,13463.8053943317,1.00000000982866,0.778426686432487
446299.999967894,13473.9148772455,1.00000000973924,0.777857511807759
446399.99996787,13484.0286442112,1.00000000984147,0.777506307722074
446499.999967847,13494.1480887511,1.00000000976226,0.777134535247318
446599.999967824,13504.273373649,1.00000000993245,0.77750498729924
446699.999967801,13514.4048138595,1.00000000993166,0.777362435620739
446799.999967777,13524.5411051903,1.00000000954969,0.77764339478376
446899.999967754,13534.6822820879,1.00000000953624,0.777370493812657
446999.999967731,13544.8292922555,1.0000000096549,0.77703176281897
447099.999967707,13554.9817023044,1.00000000988362,0.7768502580541
447199.999967684,13565.1393957777,1.00000000992831,0.777381157660248
447299.999967661,13575.3012556726,1.00000000970942,0.777270151683471
447399.999967638,13585.4677036487,1.00000000994185,0.777000263127777
447499.999967614,13595.63936684,1.0000000098191,0.777033121405179
447599.999967591,13605.8167095439,1.00000000966942,0.777413325674842
447699.999967568,13615.9998886911,1.00000000979311,0.777528986874329
447799.999967544,13626.1872316259,1.00000001008807,0.777323747253754
447899.999967521,13636.379053443,1.00000000969022,0.777722898235999
447999.999967498,13646.5750885293,1.00000000996548,0.778329200076659
448099.999967475,13656.7750843139,1.00000000966908,0.777873391892568
448199.999967451,13666.9800504449,1.00000000965794,0.778019195127514
448299.999967428,13677.1902350571,1.00000001009048,0.777737013903363
448399.999967405,13687.4055550245,1.00000000966585,0.778388450943908
448499.999967381,13697.6253229526,1.00000001000564,0.778292838524445
448599.999967358,13707.8496825006,1.00000000974364,0.777276749692705
448699.999967335,13718.0792819952,1.00000000964346,0.776912254732691
448799.999967312,13728.3141824719,1.00000001016995,0.777346250364996
448899.999967288,13738.5527871897,1.00000000979644,0.777997076382068
448999.999967265,13748.7955807759,1.00000001007845,0.777623607551629
449099.999967242,13759.0437452009,1.00000000997299,0.777320908080199
449199.999967218,13769.2965736127,1.00000000965879,0.778088589417877
449299.999967195,13779.5533996813,1.00000000975343,0.7783348642692
449399.999967172,13789.8144927221,1.0000000099161,0.777789425782078
449499.999967149,13800.0807015808,1.00000001013717,0.777906063983506
449599.999967125,13810.3525515244,1.0000000102078,0.777637539811398
449699.999967102,13820.6305692267,1.00000001007527,0.777411714527478
449799.999967079,13830.9140873608,1.00000001027486,0.778003107971021
449899.999967056,13841.20233617,1.00000000988408,0.778087769930595
449999.999967032,13851.496135732,1.00000000987596,0.778019594420917
450099.999967009,13861.7953938881,1.00000000991613,0.77765876622936
450199.999966986,13872.0996045714,1.00000000970111,0.777868755218398
450299.999966962,13882.4079367535,1.00000000984778,0.777545785244123
450399.999966939,13892.7202652978,1.0000000099052,0.777624769663375
450499.999966916,13903.0363477437,1.00000000969957,0.777377222697305
450599.999966893,13913.3558141889,1.00000000976974,0.776885632217455
450699.999966869,13923.6793892552,1.00000000992925,0.777523484780482
450799.999966846,13934.0072567043,1.00000000984809,0.778380873326664
450899.999966823,13944.3394262849,1.00000000997954,0.778434578660456
450999.999966799,13954.6764495574,1.0000000099979,0.778550964360259
451099.999966776,13965.0178259506,1.00000000993629,0.779116010607922
451199.999966753,13975.3637380081,1.00000000959519,0.778940458430515
451299.99996673,13985.7141899314,1.00000000970226,0.778769399501907
451399.999966706,13996.0684943826,1.00000001004923,0.778476460588688
451499.999966683,14006.427280683,1.00000000992888,0.778193660132594
451599.99996666,14016.7901570386,1.00000000988874,0.778031447005142
451699.999966636,14027.1575505612,1.00000000984246,0.778444576785665
451799.999966613,14037.52914934,1.00000001011536,0.778351449626899
451899.99996659,14047.9049214061,1.00000000989671,0.778420432711672
451999.999966567,14058.2848053332,1.00000000977972,0.778308392034381
452099.999966543,14068.6694037445,1.0000000099741,0.778749080198044
452199.99996652,14079.0599225183,1.00000000968831,0.777935851964891
452299.999966497,14089.4558938095,1.00000001004808,0.77826692132048
452399.999966473,14099.8566702084,1.00000000994296,0.778029205594097
452499.99996645,14110.2617979619,1.0000000096825,0.778616072425344
452599.999966427,14120.6723436775,1.00000001000708,0.778079810725364
452699.999966404,14131.087333577,1.00000000996239,0.778628592532731
452799.99996638,14141.5067528168,1.00000000991675,0.779031414166134
452899.999966357,14151.9308059579,1.00000001011059,0.778287021198934
452999.999966334,14162.3597715928,1.00000000973797,0.777981577129028
453099.99996631,14172.7930507315,1.00000000971097,0.777908820312785
453199.999966287,14183.2306162899,1.00000000994916,0.778889123255267
453299.999966264,14193.6722793067,1.00000001020312,0.778924562384167
453399.999966241,14204.1183217492,1.00000001010437,0.779289281404175
453499.999966217,14214.5690646715,1.00000000995547,0.778916641065884
453599.999966194,14225.0239427505,1.00000000987173,0.778836748770099
453699.999966171,14235.4828230122,1.00000000982731,0.778920141064609
453799.999966147,14245.9463655204,1.00000000982505,0.778982424781259
453899.999966124,14256.4148036631,1.0000000099634,0.779639181630392
453999.999966101,14266.8876319501,1.00000001006821,0.779650500508283
454099.999966078,14277.3651108686,1.00000001006956,0.779833415311396
454199.999966054,14287.8468246614,1.0000000100844,0.779692418410774
454299.999966031,14298.3331961931,1.00000000974326,0.779329632468373
454399.999966008,14308.8246489006,1.0000000100466,0.778575874980587
454499.999965984,14319.3209811553,1.00000000995809,0.779050265237187
454599.999965961,14329.821816745,1.00000000985922,0.779335130861644
454699.999965938,14340.3277541672,1.00000000993263,0.779402665270359
454799.999965915,14350.8394869974,1.00000000997312,0.779552906795418
454899.999965891,14361.356234562,1.00000000998757,0.779765031805402
454999.999965868,14371.8772205494,1.00000000985867,0.78030527986555
455099.999965845,14382.4020997543,1.00000001027467,0.780725397276196
455199.999965822,14392.9311579075,1.00000001023042,0.778877451073203
455299.999965798,14403.4651387879,1.00000001018806,0.778969977980388
455399.999965775,14414.0033119155,1.00000001029565,0.778558172421648
455499.999965752,14424.5453284628,1.00000000984838,0.779247178915883
455599.999965728,14435.0909763272,1.0000000099316,0.779523033685071
455699.999965705,14445.6407590215,1.00000000995849,0.779420556784856
455799.999965682,14456.1954309947,1.00000000988088,0.779263290814309
455899.999965659,14466.7544650825,1.00000001013189,0.7792363147626
455999.999965635,14477.3183241714,1.00000000968022,0.779615883499253
456099.999965612,14487.8866710278,1.00000000989592,0.779718271008308
456199.999965589,14498.4599901567,1.00000000994674,0.779821451939082
456299.999965565,14509.0385086517,1.000000010134,0.779677412774447
456399.999965542,14519.6221426545,1.00000000990338,0.779951287638138
456499.999965519,14530.209663864,1.00000001028663,0.779914301673597
456599.999965496,14540.8010554213,1.00000000971503,0.77986062805112
456699.999965472,14551.3961877815,1.0000000097079,0.779225141507462
456799.999965449,14561.9955916685,1.00000000996431,0.779503843301882
456899.999965426,14572.5995271432,1.00000001006577,0.779664300976709
456999.999965402,14583.2072035426,1.00000000973864,0.779990129594075
457099.999965379,14593.8190203596,1.00000001003049,0.779645387926402
457199.999965356,14604.4362006999,1.00000000993898,0.779609244538642
457299.999965333,14615.0581810024,1.00000001021211,0.778891726261563
457399.999965309,14625.6850681694,1.00000000996877,0.778610083568994
457499.999965286,14636.3174708754,1.00000000966322,0.778440284644162
457599.999965263,14646.9554529899,1.00000001019374,0.77936015216798
457699.999965239,14657.597577903,1.00000000969759,0.779147867474556
457799.999965216,14668.2443892389,1.00000001015203,0.779142908200122
457899.999965193,14678.896387733,1.00000000996829,0.77816508893861
457999.99996517,14689.5533379168,1.00000001027621,0.77829050699335
458099.999965146,14700.216113835,1.00000000952499,0.77851189358663
458199.999965123,14710.8846227155,1.00000001000853,0.77872404307129
458299.9999651,14721.5585859514,1.00000000982737,0.779226717624867
458399.999965076,14732.2374330468,1.0000000100902,0.779132689780761
458499.999965053,14742.9210036418,1.00000001021229,0.779494307811751
458599.99996503,14753.6091482662,1.00000000997951,0.779231054595997
458699.999965007,14764.30164062,1.00000001027908,0.779680565398773
458799.999964983,14774.9979668627,1.00000000991196,0.779799936078809
458899.99996496,14785.6982278041,1.00000001021841,0.779490877328418
458999.999964937,14796.4030745401,1.00000001018223,0.778532467822976
459099.999964913,14807.1125224694,1.00000001022755,0.779149017800652
459199.99996489,14817.8264699521,1.00000000994588,0.779790640127806
459299.999964867,14828.5446197792,1.00000001004035,0.779263251741064
459399.999964844,14839.2673116191,1.0000000098398,0.779584960107319
459499.99996482,14849.9947536708,1.00000001025437,0.779567104021037
459599.999964797,14860.7272253992,1.00000001009026,0.779059775231443
459699.999964774,14871.4652391912,1.0000000098694,0.779835970271192
459799.99996475,14882.2081156641,1.00000001002908,0.779679744968959
459899.999964727,14892.9561695026,1.0000000100281,0.779607654483209
459999.999964704,14903.7094664273,1.00000001026359,0.779267004233713
460099.999964681,14914.4682624501,1.00000000993652,0.77920006613936
460199.999964657,14925.2323323036,1.00000000995206,0.779730071502216
460299.999964634,14936.0011909577,1.00000001035251,0.779785306955628
460399.999964611,14946.7753173499,1.00000001016416,0.778812048905474
460499.999964588,14957.5537624391,1.00000001008146,0.779323086015886
460599.999964564,14968.3370816671,1.00000000996673,0.779648262843438
460699.999964541,14979.1250480687,1.00000000999682,0.778943264338671
460799.999964518,14989.9177938197,1.00000001019813,0.778844979914454
460899.999964494,15000.7159091803,1.00000000990665,0.779560028769568
460999.999964471,15011.5182864912,1.00000000995908,0.779575161295862
461099.999964448,15022.3252319299,1.00000000990463,0.779835659995251
461199.999964425,15033.137178073,1.00000001009653,0.779383469223255
461299.999964401,15043.953854732,1.00000001009355,0.778975986802186
461399.999964378,15054.7756512838,1.00000001027872,0.779344311291635
461499.999964355,15065.6025555033,1.0000000101375,0.779915181253106
461599.999964331,15076.43337504,1.00000001009118,0.780849882939529
461699.999964308,15087.2677549558,1.0000000102713,0.77982593446811
461799.999964285,15098.1058592995,1.00000000988073,0.778879772063063
461899.999964262,15108.9488701283,1.00000000990263,0.779230443689719
461999.999964238,15119.7963217399,1.00000000999327,0.778852941236691
462099.999964215,15130.6485971511,1.00000000988667,0.778942546188905
462199.999964192,15141.5052618621,1.00000001006783,0.779413351595239
462299.999964168,15152.3669482264,1.00000001028747,0.779645202787962
462399.999964145,15163.2342628884,1.00000000996167,0.7794053395862
462499.999964122,15174.1067932395,1.00000000999712,0.779637395910191
462599.999964099,15184.9846887919,1.0000000100443,0.779562161731494
462699.999964075,15195.8673417983,1.00000000979022,0.779436999860474
462799.999964052,15206.7549490996,1.00000001016916,0.779768764186181
462899.999964029,15217.6475865443,1.0000000100053,0.779479808412745
462999.999964005,15228.5449360966,1.00000001002362,0.779715309293108
463099.999963982,15239.4469500936,1.00000000995378,0.779789184682084
463199.999963959,15250.3537776694,1.00000000994515,0.779630295508321
463299.999963936,15261.2650343289,1.00000001000802,0.779478357862888
463399.999963912,15272.1815085817,1.00000001027197,0.779327565527502
463499.999963889,15283.1034641648,1.00000001023098,0.779798113894157
463599.999963866,15294.0294136177,1.00000001015641,0.779461336393153
463699.999963842,15304.9593580914,1.00000001042301,0.780311221398345
463799.999963819,15315.8941817424,1.00000000998901,0.78067385083479
463899.999963796,15326.8334505345,1.00000001054276,0.7797681023909
463999.999963773,15337.7774481703,1.0000000102273,0.780160407826564
464099.999963749,15348.7257984216,1.00000001004589,0.779958085335894
464199.999963726,15359.6785035717,1.00000001034271,0.780148372875383
464299.999963703,15370.6355630343,1.00000001001581,0.780152061406014
464399.999963679,15381.5976215137,1.0000000102208,0.780782511344297
464499.999963656,15392.5640727633,1.00000001030429,0.780584981836615
464599.999963633,15403.5359019218,1.00000001008535,0.780648516637165
464699.99996361,15414.5127049655,1.00000001017396,0.781365940135034
464799.999963586,15425.4935397881,1.00000001026435,0.780878082548674
464899.999963563,15436.4790501694,1.00000001006844,0.780675917243482
464999.99996354,15447.4692840001,1.00000001011835,0.780611739355117
465099.999963516,15458.4646280794,1.00000000992534,0.780538047848824
465199.999963493,15469.4648091768,1.00000001004768,0.780882625509594
465299.99996347,15480.4694040217,1.00000001035638,0.780903766193485
465399.999963447,15491.4789069286,1.0000000102884,0.780925559823075
465499.999963423,15502.4930988901,1.00000000990144,0.780623255176701
465599.9999634,15513.5118014772,1.00000001013194,0.780492830523914
465699.999963377,15524.5335493759,1.0000000101845,0.780777562567536
465799.999963354,15535.5578772518,1.00000001021941,0.780946912393609
465899.99996333,15546.5846859287,1.00000001001907,0.781090997251686
465999.999963307,15557.6147593148,1.00000000990418,0.781523714801844
466099.999963284,15568.6486152056,1.00000001005286,0.78166131787306
466199.99996326,15579.6861393186,1.00000001016165,0.781011437910718
466299.999963237,15590.7290197078,1.00000001015465,0.780196497971329
466399.999963214,15601.7767004687,1.00000000986298,0.780752329367598
466499.999963191,15612.8289301268,1.00000001021501,0.781517196341165
466599.999963167,15623.8854452688,1.00000000996318,0.781108725172836
466699.999963144,15634.9471213013,1.00000001024304,0.78007990090504
466799.999963121,15646.0134065475,1.00000001061062,0.779859402512746
466899.999963097,15657.0841848108,1.0000000100594,0.780475428227899
466999.999963074,15668.1601600336,1.00000001028575,0.780054034414744
467099.999963051,15679.2411709759,1.00000000988514,0.780059211558535
467199.999963028,15690.328284948,1.00000001007254,0.77926713530618
467299.999963004,15701.4212091817,1.00000000992518,0.779892252671968
467399.999962981,15712.5200265388,1.00000001003979,0.779955298656714
467499.999962958,15723.624574375,1.0000000104497,0.78098343025779
467599.999962934,15734.7348794816,1.00000001012328,0.780747001163406
467699.999962911,15745.849575612,1.0000000103908,0.781144313220693
467799.999962888,15756.9682141687,1.00000001011473,0.780927896300441
467899.999962865,15768.0907428486,1.00000001009678,0.780827726588681
467999.999962841,15779.2172140036,1.00000000989583,0.781118303201195
468099.999962818,15790.3491885974,1.00000001027985,0.780480396802177
468199.999962795,15801.4857419816,1.00000000996489,0.780862046079723
468299.999962771,15812.6274736956,1.00000001015881,0.780230632954035
468399.999962748,15823.7747117426,1.00000001047936,0.780797298885921
468499.999962725,15834.9276178895,1.00000001007706,0.780989606442045
468599.999962702,15846.0849755463,1.00000000993469,0.780303293994023
468699.999962678,15857.2467658681,1.00000000998169,0.780541083289286
468799.999962655,15868.4124337482,1.00000001045159,0.780905958966517
468899.999962632,15879.5834081443,1.00000001000842,0.781069383913504
468999.999962608,15890.7602776624,1.0000000101084,0.780858995265279
469099.999962585,15901.9426893856,1.00000001037815,0.780916810908458
469199.999962562,15913.1301220657,1.00000001041896,0.78099428950923
469299.999962539,15924.3229392905,1.00000001007148,0.780317667302877
469399.999962515,15935.5216380895,1.00000001026328,0.781084887437515
469499.999962492,15946.7261121638,1.0000000099787,0.781558791542771
469599.999962469,15957.9354882013,1.00000001031878,0.781387026871984
469699.999962445,15969.149850921,1.00000000994936,0.781500089703005
469799.999962422,15980.3686144996,1.00000001022337,0.781310987693939
469899.999962399,15991.5919677638,1.00000001014813,0.781235535500892
469999.999962376,16002.8210044216,1.00000001056126,0.780784449541666
470099.999962352,16014.0549886423,1.00000001015884,0.781516753562165
470199.999962329,16025.2930699209,1.00000001019942,0.781063309790947
470299.999962306,16036.5342076719,1.00000001029121,0.781240010302133
470399.999962282,16047.7785245158,1.0000000103161,0.781727833643528
470499.999962259,16059.0265198464,1.00000001025608,0.781058096860638
470599.999962236,16070.27850892,1.00000001032771,0.781021351218915
470699.999962213,16081.5344155504,1.00000001032376,0.781091946490603
470799.999962189,16092.7945872989,1.00000001019604,0.780924480625338
470899.999962166,16104.0597735682,1.00000001015367,0.780869218003807
470999.999962143,16115.3293667395,1.00000001015599,0.781188251454695
471099.99996212,16126.6040107719,1.00000001022957,0.781385887967125
471199.999962096,16137.8843854923,1.00000001017625,0.781121697169546
471299.999962073,16149.1695263218,1.00000000998404,0.781187847929579
471399.99996205,16160.4598099202,1.00000001031895,0.78086841822462
471499.999962026,16171.75598731,1.00000001023536,0.781066696932104
471599.999962003,16183.0577857519,1.00000001027207,0.781283949447443
471699.99996198,16194.3638521575,1.00000001006306,0.781537248628823
471799.999961957,16205.6740001118,1.0000000104008,0.781911066071053
471899.999961933,16216.989160679,1.00000001041008,0.781799373292519
471999.99996191,16228.3091979188,1.00000001055154,0.781085105019416
472099.999961887,16239.6342882849,1.00000001033842,0.781065385142974
472199.999961863,16250.9645000598,1.0000000103584,0.780989356849318
472299.99996184,16262.2993875836,1.00000001028131,0.780946007167319
472399.999961817,16273.6383302616,1.00000001032399,0.781330111194779
472499.999961794,16284.9814040724,1.00000001032715,0.78081327608125
472599.99996177,16296.3287300081,1.00000001051322,0.780949669449863
472699.999961747,16307.6810368616,1.00000001026643,0.781273138032058
472799.999961724,16319.0392464321,1.0000000101463,0.780879189019334
472899.9999617,16330.4034138551,1.00000001014046,0.781121199847739
472999.999961677,16341.7732662095,1.00000001032903,0.781363681355402
473099.999961654,16353.1486793315,1.00000001025994,0.781506786069325
473199.999961631,16364.5290420596,1.00000001048206,0.781568839728055
473299.999961607,16375.9148972654,1.00000001038472,0.781717008375325
473399.999961584,16387.3063842753,1.00000001051271,0.781005320808511
473499.999961561,16398.7032332637,1.0000000100807,0.781502763212335
473599.999961537,16410.105049709,1.00000001037595,0.781426886848769
473699.999961514,16421.5117862157,1.00000001024927,0.781913805494976
473799.999961491,16432.9224621471,1.00000001038898,0.782608419158419
473899.999961468,16444.3369333132,1.00000001021079,0.782624578159505
473999.999961444,16455.7554868117,1.00000001009532,0.782105301899398
474099.999961421,16467.1784665026,1.00000001057578,0.781890278076831
474199.999961398,16478.6067463575,1.00000001033789,0.782238287721743
474299.999961374,16490.0395751665,1.00000001039085,0.782525883127559
474399.999961351,16501.477393593,1.00000001043095,0.782758877113497
474499.999961328,16512.919717378,1.00000001044575,0.782664211100682
474599.999961305,16524.3659941647,1.00000001011812,0.782927663672497
474699.999961281,16535.816024096,1.00000001054812,0.782910691987877
474799.999961258,16547.2707122637,1.00000001039118,0.782175047694278
474899.999961235,16558.7310801187,1.00000001023753,0.78155974523609
474999.999961211,16570.1970856179,1.00000001039849,0.78137031242915
475099.999961188,16581.6687576738,1.00000001025678,0.781551729703909
475199.999961165,16593.1452291944,1.00000001019643,0.781596751675143
475299.999961142,16604.6267026587,1.00000001044371,0.781519367857162
475399.999961118,16616.1130424316,1.000000010489,0.781434446163931
475499.999961095,16627.6043485245,1.00000001015956,0.781638853641085
475599.999961072,16639.1004279096,1.00000001021529,0.781172455592877
475699.999961048,16650.601242668,1.00000001054006,0.78182874722752
475799.999961025,16662.1067673261,1.00000001044344,0.782066410069464
475899.999961002,16673.6170849329,1.00000001040754,0.781385566408752
475999.999960979,16685.1325532291,1.00000001029218,0.780628862171396
476099.999960955,16696.6533300265,1.00000001037102,0.781112874351902
476199.999960932,16708.1787149184,1.00000001041676,0.781412457766946
476299.999960909,16719.7094013565,1.00000001037802,0.782521120145542
476399.999960885,16731.2441935498,1.00000001041121,0.782284806364014
476499.999960862,16742.7844576624,1.00000001053215,0.782462438296912
476599.999960839,16754.3293184214,1.000000010236,0.782538852485787
476699.999960816,16765.8790651396,1.00000001049206,0.782417960336896
476799.999960792,16777.4338277884,1.00000001024718,0.782810757626178
476899.999960769,16788.9932897619,1.0000000102927,0.782123872707709
476999.999960746,16800.557647423,1.0000000108088,0.782071901215851
477099.999960723,16812.1266320404,1.00000001042347,0.78253460604504
477199.999960699,16823.700417758,1.00000001054021,0.782523329080175
477299.999960676,16835.2792784097,1.00000001019824,0.782651829566073
477399.999960653,16846.8635059673,1.00000001067171,0.782140292339121
477499.999960629,16858.4526322467,1.00000001045625,0.782297074999032
477599.999960606,16870.0467328229,1.00000001003425,0.782146020997915
477699.999960583,16881.6454048382,1.00000001055282,0.782304451710279
477799.99996056,16893.2486868617,1.00000001026345,0.78250789868785
477899.999960536,16904.8557671682,1.00000001037832,0.782555596448276
477999.999960513,16916.4679199465,1.00000001043492,0.782405596116537
478099.99996049,16928.0861491519,1.00000001044326,0.782706978740323
478199.999960466,16939.7105811783,1.00000001058554,0.78317301345807
478299.999960443,16951.3402468996,1.0000000100464,0.783096542087642
478399.99996042,16962.9746052462,1.00000001041678,0.78281001175513
478499.999960397,16974.6126002402,1.00000001033609,0.782629865836528
478599.999960373,16986.2551684373,1.00000001042295,0.783021214067985
478699.99996035,16997.9015039418,1.00000001046461,0.78342544139279
478799.999960327,17009.5519632584,1.00000001041414,0.783063282438273
478899.999960303,17021.206630639,1.00000001012197,0.782852857360461
478999.99996028,17032.865623919,1.00000001054109,0.782714337762726
479099.999960257,17044.529431647,1.00000001034241,0.782892141038039
479199.999960234,17056.1974360858,1.00000001060117,0.783117856449138
479299.99996021,17067.8689764814,1.00000001058784,0.78321525608239
479399.999960187,17079.5444881364,1.00000001053763,0.782408768446315
479499.999960164,17091.2243754299,1.00000001028049,0.782016269472754
479599.99996014,17102.9086207371,1.00000001060629,0.782535903470823
479699.999960117,17114.5967233312,1.00000001041184,0.782256638703283
479799.999960094,17126.2892529096,1.00000001049884,0.782564903296125
479899.999960071,17137.9861588399,1.00000001063531,0.783166107054574
479999.999960047,17149.6878407508,1.00000001035164,0.782209042017744
480099.999960024,17161.3944763416,1.00000001036458,0.781520840742749
480199.999960001,17173.1060311635,1.00000001048979,0.781971971335123
480299.999959977,17184.8222434229,1.0000000103301,0.782577674754857
480399.999959954,17196.5427636078,1.00000001054704,0.783308824549312
480499.999959931,17208.2679291688,1.00000001039934,0.783803071566413
480599.999959908,17219.9986113684,1.0000000104808,0.782464407469696
480699.999959884,17231.7353836426,1.00000001008986,0.782448429183308
480799.999959861,17243.4784642663,1.00000001048093,0.781911142067502
480899.999959838,17255.2262838467,1.00000001021402,0.782527996112445
480999.999959814,17266.978891973,1.00000001041355,0.782795363043842
481099.999959791,17278.736205101,1.00000001014136,0.783244911324128
481199.999959768,17290.4982730875,1.00000001045965,0.783154408366531
481299.999959745,17302.2654894771,1.00000001027777,0.782266973400685
481399.999959721,17314.0385405428,1.00000001071226,0.782466373730715
481499.999959698,17325.8173316465,1.00000001035563,0.782859835856733
481599.999959675,17337.6004882404,1.00000001016022,0.782975014828152
481699.999959651,17349.3883436982,1.00000001053379,0.783335001030275
481799.999959628,17361.1813151076,1.00000001062886,0.783084408585745
481899.999959605,17372.979223268,1.0000000105204,0.782418954410625
481999.999959582,17384.7826225549,1.00000001056202,0.78217487959166
482099.999959558,17396.5913778416,1.00000001025526,0.783187076604252
482199.999959535,17408.4054858275,1.00000001049157,0.782891660196962
482299.999959512,17420.2241087276,1.00000001013563,0.782290546237573
482399.999959489,17432.0474457453,1.00000001029109,0.782366212143174
482499.999959465,17443.8758089178,1.00000001025971,0.78196743649696
482599.999959442,17455.7091546262,1.00000001062526,0.78212475903147
482699.999959419,17467.5473114346,1.00000001043004,0.782484025631081
482799.999959395,17479.390075937,1.00000001042468,0.782757439052543
482899.999959372,17491.2374772699,1.00000001030451,0.782498963829629
482999.999959349,17503.0898427122,1.00000001056284,0.782126174970815
483099.999959326,17514.9478504531,1.00000001023822,0.782563983339535
483199.999959302,17526.8106401683,1.00000001075685,0.782704487926933
483299.999959279,17538.6771815357,1.00000001044843,0.782880406548296
483399.999959256,17550.5476605179,1.00000001048841,0.783565106442661
483499.999959232,17562.421349577,1.00000001060895,0.783892588564897
483599.999959209,17574.2991176101,1.00000001072939,0.783389375361134
483699.999959186,17586.1805386507,1.0000000104178,0.782889507291279
483799.999959163,17598.0665804942,1.00000001047796,0.782755140344542
483899.999959139,17609.956593147,1.00000001064991,0.782434400296122
483999.999959116,17621.8523035728,1.00000001054623,0.783222860194801
484099.999959093,17633.753297237,1.00000001037075,0.782922031894806
484199.999959069,17645.6602424666,1.00000001047594,0.782829713714028
484299.999959046,17657.5720904822,1.00000001048582,0.782746504853958
484399.999959023,17669.4877164157,1.00000001061477,0.783805249935706
484499.999959,17681.4083434053,1.00000001058795,0.78320930527986
484599.999958976,17693.3344319868,1.0000000102938,0.782927543272577
484699.999958953,17705.2659784552,1.00000001051232,0.782471825786115
484799.99995893,17717.2017015906,1.00000001056603,0.782872783899917
484899.999958906,17729.1412423106,1.00000001065271,0.783141850377836
484999.999958883,17741.0857987101,1.00000001064455,0.782991502657883
485099.99995886,17753.0357970242,1.00000001048182,0.783315910396953
485199.999958837,17764.9910820754,1.00000001046709,0.783862879574998
485299.999958813,17776.9504334265,1.00000001031542,0.78389792124618
485399.99995879,17788.9155189729,1.0000000107354,0.782720983439385
485499.999958767,17800.8860812445,1.00000001067821,0.782933185081026
485599.999958743,17812.8618400943,1.00000001054689,0.783493523269544
485699.99995872,17824.8428432624,1.00000001066458,0.783986235069083
485799.999958697,17836.8287991318,1.00000001057321,0.783968165151244
485899.999958674,17848.8196130893,1.0000000106784,0.784061764612816
485999.99995865,17860.815010613,1.00000001054605,0.783511350356387
486099.999958627,17872.8150754078,1.00000001016971,0.784066433568037
486199.999958604,17884.8197072709,1.00000001056989,0.784225321912367
486299.99995858,17896.8288516819,1.00000001060535,0.78394293661113
486399.999958557,17908.8428889089,1.00000001070784,0.783574584065502
486499.999958534,17920.8617799533,1.00000001057982,0.783905428763275
486599.999958511,17932.8851879374,1.00000001067424,0.784144530995689
486699.999958487,17944.913074974,1.00000001049514,0.783830227668189
486799.999958464,17956.9460347229,1.00000001027192,0.783385684701142
486899.999958441,17968.9842717363,1.00000001074742,0.783360386728404
486999.999958417,17981.0279715006,1.00000001062597,0.783133826846882
487099.999958394,17993.0780519275,1.00000001058548,0.783660663632577
487199.999958371,18005.1337708463,1.00000001055433,0.783576605719384
487299.999958348,18017.1950755627,1.00000001008201,0.784285805088304
487399.999958324,18029.2611554719,1.00000001068266,0.784117452507347
487499.999958301,18041.3325496925,1.00000001067301,0.783862919723735
487599.999958278,18053.4095462438,1.000000010509,0.783139270445767
487699.999958255,18065.4910572951,1.00000001055933,0.783649218504267
487799.999958231,18077.5781610562,1.00000001062753,0.78354465143745
487899.999958208,18089.6699113453,1.00000001064833,0.784152289694494
487999.999958185,18101.7662790117,1.0000000105935,0.784412910947629
488099.999958161,18113.8661808272,1.00000001066508,0.784510565972927
488199.999958138,18125.9701931783,1.00000001051466,0.784242241971853
488299.999958115,18138.07877404,1.00000001054573,0.783507861888969
488399.999958092,18150.1918140915,1.00000001039789,0.784023750395469
488499.999958068,18162.3092078642,1.00000001087496,0.78384087119668
488599.999958045,18174.4307566444,1.00000001091311,0.783789776135215
488699.999958022,18186.5564121694,1.00000001062188,0.783847517235796
488799.999957998,18198.6854875078,1.00000001044592,0.783689401975689
488899.999957975,18210.8185998243,1.00000001074365,0.783265206951753
488999.999957952,18222.9558501059,1.00000001057288,0.783956361676722
489099.999957929,18235.097888878,1.00000001083637,0.784042261678798
489199.999957905,18247.2463122351,1.0000000106289,0.784177407281398
489299.999957882,18259.4012812984,1.00000001040227,0.784557570300592
489399.999957859,18271.5600411835,1.00000001085776,0.783875413990559
489499.999957835,18283.7226965259,1.00000001065011,0.78424500375626
489599.999957812,18295.8902435862,1.0000000105761,0.783906153701943
489699.999957789,18308.063487112,1.00000001037187,0.783563070448413
489799.999957766,18320.2415283095,1.00000001037524,0.783652469234824
489899.999957742,18332.4237901211,1.00000001046032,0.783796455404476
489999.999957719,18344.61113061,1.00000001052679,0.782764584719497
490099.999957696,18356.8041695368,1.00000001065028,0.782528518520327
490199.999957672,18369.0025518592,1.0000000102493,0.782717810662847
490299.999957649,18381.2059213925,1.00000001055715,0.782935510042104
490399.999957626,18393.4142878088,1.00000001036247,0.783438203398897
490499.999957603,18405.6273107174,1.00000001067162,0.783170413258502
490599.999957579,18417.8447128087,1.00000001070984,0.78372042120292
490699.999957556,18430.0664238099,1.0000000103988,0.783728663260118
490799.999957533,18442.2927158238,1.00000001081629,0.784288659918206
490899.999957509,18454.5235761806,1.00000001057963,0.784090033982535
490999.999957486,18466.7598084171,1.00000001060174,0.783638368540945
491099.999957463,18479.0013225069,1.00000001060311,0.783473942295913
491199.99995744,18491.2493697242,1.00000001068944,0.78332364204189
491299.999957416,18503.5034155699,1.00000001078549,0.783102802599814
491399.999957393,18515.7624077647,1.0000000108747,0.78381578380823
491499.99995737,18528.0263717553,1.00000001074643,0.783859183324852
491599.999957346,18540.2951367925,1.00000001076498,0.783465954663592
491699.999957323,18552.5697248228,1.00000001033849,0.783659601763614
491799.9999573,18564.8501393874,1.00000001057472,0.783336494872888
491899.999957277,18577.1352124301,1.00000001085018,0.78342346651893
491999.999957253,18589.4241052313,1.00000001063061,0.783785849159563
492099.99995723,18601.7168088113,1.00000001075307,0.784131107805778
492199.999957207,18614.014492873,1.00000001067927,0.783709063145301
492299.999957183,18626.3173417082,1.0000000103607,0.78339487740121
492399.99995716,18638.6258531236,1.0000000110604,0.783413604003659
492499.999957137,18650.939687072,1.00000001056038,0.783825978798319
492599.999957114,18663.2587613306,1.00000001084195,0.783630526639802
492699.99995709,18675.5824858741,1.00000001064473,0.78388698651172
492799.999957067,18687.9112515923,1.00000001059971,0.783815071969998
492899.999957044,18700.2450847773,1.00000001041733,0.783188165666921
492999.999957021,18712.5843475833,1.00000001073007,0.782851239179455
493099.999956997,18724.9295156496,1.00000001067163,0.782855881643649
493199.999956974,18737.2799434482,1.00000001065547,0.783802756116471
493299.999956951,18749.6357459137,1.00000001060102,0.783918950841374
493399.999956927,18761.9966417603,1.00000001061083,0.784506941239054
493499.999956904,18774.3621317582,1.00000001068911,0.784263625873701
493599.999956881,18786.732449127,1.00000001056814,0.784199631974545
493699.999956858,18799.1077781304,1.0000000108564,0.783529183300853
493799.999956834,18811.4883965197,1.00000001072448,0.784220625919327
493899.999956811,18823.8750335537,1.00000001086905,0.784089053217469
493999.999956788,18836.2673387674,1.00000001092702,0.784602907379455
494099.999956764,18848.6637604069,1.00000001078527,0.784710077553499
494199.999956741,18861.063979752,1.00000001092987,0.785859850292617
494299.999956718,18873.4679190995,1.00000001077172,0.786002182105859
494399.999956695,18885.8764199644,1.00000001054697,0.785466878929631
494499.999956671,18898.2891535015,1.00000001076109,0.78514985692305
494599.999956648,18910.7056881613,1.00000001074881,0.78463928082227
494699.999956625,18923.1263361356,1.00000001057592,0.785187631805466
494799.999956601,18935.5518963604,1.00000001075069,0.785298351590245
494899.999956578,18947.9827482336,1.00000001080138,0.784656455324647
494999.999956555,18960.4184772907,1.0000000106979,0.785283699502256
495099.999956532,18972.8588305227,1.000000011046,0.784553130067283
495199.999956508,18985.3044917154,1.00000001093242,0.784405022472955
495299.999956485,18997.7558937652,1.00000001064808,0.784770799614968
495399.999956462,19010.2127301827,1.00000001055069,0.784605337044546
495499.999956438,19022.6743786364,1.00000001051342,0.784036907784103
495599.999956415,19035.141333208,1.00000001101457,0.784466580249838
495699.999956392,19047.6129078258,1.00000001073277,0.784671443684958
495799.999956369,19060.0891568515,1.00000001067122,0.785326917678465
495899.999956345,19072.569357505,1.00000001064682,0.785257071801562
495999.999956322,19085.0539295637,1.00000001107832,0.785387998202563
496099.999956299,19097.5427063555,1.00000001089847,0.785062438628316
496199.999956275,19110.0365214901,1.00000001092012,0.784516168691652
496299.999956252,19122.5350008217,1.00000001096494,0.784375245871817
496399.999956229,19135.0380724337,1.00000001080507,0.784481614554057
496499.999956206,19147.54609425,1.0000000105259,0.784869363111018
496599.999956182,19160.0596883778,1.00000001069332,0.78469948542609
496699.999956159,19172.5788950569,1.00000001065224,0.78485568748087
496799.999956136,19185.1027943763,1.00000001083718,0.784949691089169
496899.999956112,19197.6311466097,1.00000001088061,0.78499156891505
496999.999956089,19210.1631580566,1.00000001065843,0.784755821278131
497099.999956066,19222.6991242123,1.0000000109898,0.784716271918624
497199.999956043,19235.2386793325,1.00000001090904,0.784301027289694
497299.999956019,19247.7829474758,1.00000001044517,0.784341406300391
497399.999955996,19260.3324040583,1.00000001076102,0.784641095880675
497499.999955973,19272.8875879316,1.0000000108452,0.785473868223758
497599.999955949,19285.4482096293,1.00000001098055,0.784961029720863
497699.999955926,19298.0146437626,1.00000001052765,0.784279118497475
497799.999955903,19310.5863576858,1.00000001071928,0.785179304926155
497899.99995588,19323.1635633058,1.00000001071744,0.78471720844297
497999.999955856,19335.7461237294,1.00000001059785,0.784579260956697
498099.999955833,19348.3346454084,1.00000001032038,0.78426130527744
498199.99995581,19360.9295333095,1.00000001081206,0.78396182942539
498299.999955787,19373.530396904,1.00000001106817,0.78422339520253
498399.999955763,19386.1368909016,1.00000001080424,0.784435134789791
498499.99995574,19398.7481059146,1.00000001099383,0.785368124704578
498599.999955717,19411.3630113468,1.0000000106566,0.784658793063055
498699.999955693,19423.9821872538,1.00000001108904,0.785003430462814
498799.99995567,19436.6062252204,1.000000010586,0.784865046054414
498899.999955647,19449.235961881,1.00000001059651,0.784806692899996
498999.999955624,19461.8702899548,1.00000001054189,0.785332935319587
499099.9999556,19474.508126772,1.00000001081873,0.785568141389787
499199.999955577,19487.1503848387,1.00000001068257,0.785604117357198
499299.999955554,19499.7975864704,1.0000000107647,0.784784852126548
499399.99995553,19512.4499951001,1.00000001059145,0.785070315324372
499499.999955507,19525.106940977,1.00000001076067,0.785155260426337
499599.999955484,19537.7690894021,1.00000001093935,0.784965884002945
499699.999955461,19550.435596987,1.00000001071878,0.78519399923897
499799.999955437,19563.1055769581,1.00000001112231,0.785303912056753
499899.999955414,19575.779089266,1.00000001048903,0.785404344019647
499999.999955391,19588.4568676784,1.00000001075333,0.785616778723038
500099.999955367,19601.1393158181,1.00000001067968,0.786424240674857
500199.999955344,19613.8257034468,1.00000001107778,0.78588873092384
500299.999955321,19626.5164628268,1.00000001069869,0.78515134049213
500399.999955298,19639.2116975907,1.00000001063373,0.784942805980914
500499.999955274,19651.9116647576,1.00000001072882,0.784761631356943
500599.999955251,19664.6169349149,1.00000001110681,0.786143171079938
500699.999955228,19677.327371004,1.00000001089782,0.785529845478436
500799.999955204,19690.0425437804,1.00000001047795,0.785753322425882
500899.999955181,19702.7623527434,1.00000001083085,0.785795652069082
500999.999955158,19715.4867142163,1.00000001033898,0.786023413205413
501099.999955135,19728.2160577753,1.00000001057335,0.785591013632351
501199.999955111,19740.9506251192,1.00000001086675,0.785638235571641
501299.999955088,19753.6898034799,1.00000001060656,0.785541290155968
501399.999955065,19766.4333866976,1.00000001127425,0.785264272026578
501499.999955041,19779.1818075144,1.00000001084867,0.785368767890548
501599.999955018,19791.9360686316,1.00000001064156,0.785125820008944
501699.999954995,19804.696169136,1.00000001074048,0.785008512242459
501799.999954972,19817.4619666119,1.00000001118573,0.7852773781957
501899.999954948,19830.2328584886,1.00000001066181,0.785558708438827
501999.999954925,19843.0084379205,1.00000001079269,0.786528554814929
502099.999954902,19855.7882703739,1.00000001092814,0.786011262790879
502199.999954878,19868.5729465223,1.00000001100416,0.78549069339081
502299.999954855,19881.3620577525,1.00000001086518,0.785982003070124
502399.999954832,19894.1565603964,1.00000001080945,0.785805594803817
502499.999954809,19906.9568358444,1.00000001085177,0.785252899503971
502599.999954785,19919.7633512179,1.00000001118361,0.785009035003795
502699.999954762,19932.5754165205,1.00000001068616,0.784729107145703
502799.999954739,19945.3926836063,1.00000001107104,0.785368509268241
502899.999954715,19958.2141666579,1.00000001126679,0.785094217723267
502999.999954692,19971.0399761272,1.0000000109149,0.784812298517391
503099.999954669,19983.8697215509,1.00000001078307,0.784689907575653
503199.999954646,19996.7041105489,1.00000001107622,0.784215926640976
503299.999954622,20009.5438104602,1.00000001080118,0.784615162651802
503399.999954599,20022.3890679669,1.00000001117932,0.785462232796776
503499.999954576,20035.2387996015,1.00000001085409,0.78600129181429
503599.999954553,20048.0936838456,1.00000001079703,0.785284458410702
503699.999954529,20060.9535474463,1.00000001080137,0.785469144626055
503799.999954506,20073.8187689398,1.00000001108333,0.785661311182122
503899.999954483,20086.6889801907,1.00000001066054,0.784955344590404
503999.999954459,20099.5652254567,1.0000000109207,0.785673114595291
504099.999954436,20112.4478546006,1.00000001083912,0.785437939873013
504199.999954413,20125.3360163699,1.00000001046944,0.785647828734924
504299.99995439,20138.2285759359,1.00000001058244,0.785679514415482
504399.999954366,20151.1269500057,1.00000001086283,0.786154738796318
504499.999954343,20164.0306880149,1.00000001104302,0.786675939027206
504599.99995432,20176.9393434205,1.0000000107595,0.786561938004166
504699.999954296,20189.8518867953,1.00000001111732,0.786122120286658
504799.999954273,20202.7692053443,1.0000000108239,0.785733516129642
504899.99995425,20215.6915073801,1.00000001094738,0.785412061652134
504999.999954227,20228.6186415637,1.00000001067783,0.785626144205751
505099.999954203,20241.5511408507,1.00000001096687,0.785667996768997
505199.99995418,20254.4878016557,1.00000001124025,0.785842908369407
505299.999954157,20267.4289019944,1.00000001097129,0.785614497470984
505399.999954133,20280.3741010502,1.000000010838,0.78570691615071
505499.99995411,20293.3231089572,1.00000001125259,0.785469049700395
505599.999954087,20306.2764083981,1.0000000106792,0.785268238895677
505699.999954064,20319.2336337876,1.00000001108574,0.786085960046291
505799.99995404,20332.1943354785,1.00000001117663,0.786014777868159
505899.999954017,20345.1591555252,1.00000001099955,0.785641868139556
505999.999953994,20358.1285556091,1.00000001087343,0.786008428566441
506099.99995397,20371.1032638457,1.00000001062022,0.786367848637126
506199.999953947,20384.0835452828,1.00000001115219,0.78620959578709
506299.999953924,20397.0690221832,1.00000001070239,0.786138803250624
506399.999953901,20410.0594677449,1.00000001074109,0.785899987539803
506499.999953877,20423.0547060458,1.00000001119065,0.785557941484865
506599.999953854,20436.054370674,1.00000001089479,0.785793018235619
506699.999953831,20449.0593861556,1.00000001100872,0.785782171737988
506799.999953807,20462.069277511,1.00000001086936,0.786206415129264
506899.999953784,20475.0842845685,1.0000000112632,0.785874092396856
506999.999953761,20488.103770765,1.00000001117602,0.786422223363373
507099.999953738,20501.1274224685,1.0000000107705,0.785547641129298
507199.999953714,20514.1567111623,1.00000001080524,0.785201307811954
507299.999953691,20527.1919421432,1.0000000108599,0.785237116386483
507399.999953668,20540.2333477676,1.00000001108965,0.784964270947752
507499.999953644,20553.2804608156,1.00000001082353,0.786422114013492
507599.999953621,20566.3330798953,1.00000001107864,0.78582091400597
507699.999953598,20579.3904356449,1.00000001110942,0.785908677908439
507799.999953575,20592.4518533929,1.00000001109924,0.786373253639599
507899.999953551,20605.5171617125,1.00000001076548,0.786060826211104
507999.999953528,20618.5868482546,1.00000001103243,0.785829736865044
508099.999953505,20631.6611564443,1.00000001114398,0.786412509950658
508199.999953481,20644.7406057247,1.00000001104737,0.786529168882394
508299.999953458,20657.8249418114,1.00000001109005,0.786031141836764
508399.999953435,20670.9147028257,1.00000001106385,0.785776612700616
508499.999953412,20684.0100641658,1.00000001074244,0.785870799399319
508599.999953388,20697.1102065112,1.00000001058562,0.786197209392579
508699.999953365,20710.2159355572,1.00000001110911,0.786079191575776
508799.999953342,20723.3271706962,1.00000001099786,0.786412747413196
508899.999953319,20736.443856869,1.00000001134785,0.786609145715968
508999.999953295,20749.564440031,1.00000001117268,0.786112303465509
509099.999953272,20762.6897963877,1.00000001118111,0.786564016379388
509199.999953249,20775.8197035585,1.00000001121424,0.786807998722218
509299.999953225,20788.9543356605,1.00000001078249,0.786592842753564
509399.999953202,20802.0930713902,1.00000001066816,0.786582118539583
509499.999953179,20815.2359460142,1.00000001127411,0.786647844555
509599.999953156,20828.3826293982,1.00000001122029,0.786654058853383
509699.999953132,20841.5340628387,1.00000001110045,0.786075590334937
509799.999953109,20854.6908148551,1.00000001087013,0.786239309498783
509899.999953086,20867.8521005663,1.00000001080494,0.786689567156655
509999.999953062,20881.0176537026,1.00000001051543,0.786769141469459
510099.999953039,20894.1882045865,1.00000001095255,0.78661015541876
510199.999953016,20907.3627127591,1.00000001098959,0.787002486596149
510299.999952993,20920.5412251227,1.00000001115999,0.787614445443476
510399.999952969,20933.7240180339,1.00000001089256,0.787294530389717
510499.999952946,20946.9114790477,1.00000001060329,0.786907162704183
510599.999952923,20960.1046833171,1.00000001129519,0.785986089653483
510699.999952899,20973.3036430019,1.00000001096272,0.78657158959424
510799.999952876,20986.50784532,1.00000001079217,0.786760585245462
510899.999952853,20999.7167917344,1.00000001113,0.786830406577884
510999.99995283,21012.9302476587,1.00000001073526,0.786108507100056
511099.999952806,21026.14867319,1.00000001085159,0.78589617157339
511199.999952783,21039.3723666602,1.00000001100477,0.785620595210034
511299.99995276,21052.6004153527,1.00000001118102,0.785833902846895
511399.999952736,21065.8331324676,1.00000001100299,0.786362215330913
511499.999952713,21079.0705118325,1.00000001095228,0.786114022666995
511599.99995269,21092.3125218304,1.00000001081297,0.786429468374222
511699.999952667,21105.5595731309,1.00000001122683,0.786407684324058
511799.999952643,21118.8116443132,1.00000001119716,0.787395046620337
511899.99995262,21132.0679490544,1.00000001091788,0.787638989635759
511999.999952597,21145.3292239137,1.00000001082168,0.786778311623273
512099.999952573,21158.5957569717,1.00000001096848,0.7868329836273
512199.99995255,21171.8678496774,1.00000001115003,0.786954308675304
512299.999952527,21185.1452711307,1.00000001108926,0.78770732885535
512399.999952504,21198.4269439136,1.00000001100565,0.787487037873546
512499.99995248,21211.7136283922,1.00000001102495,0.787016394304375
512599.999952457,21225.0056005519,1.00000001089185,0.786656754043487
512699.999952434,21238.3043375389,1.00000001074881,0.78627094571778
512799.99995241,21251.6095535757,1.00000001087648,0.786902636999986
512899.999952387,21264.9210017148,1.00000001112945,0.786669455124869
512999.999952364,21278.237845744,1.00000001087664,0.787154620007506
513099.999952341,21291.5592859144,1.00000001103671,0.787091342428497
513199.999952317,21304.8850024289,1.00000001086106,0.786646938838081
513299.999952294,21318.2167007531,1.00000001086353,0.786710200665186
513399.999952271,21331.5542907865,1.00000001102028,0.78697657323893
513499.999952247,21344.8970353139,1.00000001108826,0.787299128490266
513599.999952224,21358.2440325414,1.00000001120933,0.78731609814054
513699.999952201,21371.5956207637,1.00000001092041,0.786791030101107
513799.999952178,21384.951681349,1.00000001103798,0.787496060013463
513899.999952154,21398.3123467184,1.00000001141165,0.7875716761259
513999.999952131,21411.6778373016,1.00000001091399,0.787566627811907
514099.999952108,21425.0484392629,1.00000001108904,0.78768675783584
514199.999952085,21438.4230998715,1.00000001126071,0.787698349167774
514299.999952061,21451.8021779032,1.00000001114436,0.787601773584136
514399.999952038,21465.1849667563,1.00000001137156,0.78783174507527
514499.999952015,21478.5717675763,1.00000001133683,0.787653874527054
514599.999951991,21491.9628738532,1.00000001107583,0.78725159504072
514699.999951968,21505.358890833,1.00000001137951,0.787962113099283
514799.999951945,21518.7590519342,1.00000001119261,0.787529822837245
514899.999951922,21532.1635637588,1.0000000114582,0.787892771364914
514999.999951898,21545.5722735883,1.00000001087752,0.787477087162554
515099.999951875,21558.986364547,1.0000000109404,0.787125708651012
515199.999951852,21572.4050215515,1.00000001123956,0.787387359304363
515299.999951828,21585.8277650381,1.00000001096805,0.787157995579349
515399.999951805,21599.2553534261,1.00000001142649,0.787893028966798
515499.999951782,21612.6873591744,1.00000001113671,0.787942795386358
515599.999951759,21626.1247393969,1.00000001131604,0.78720959412981
515699.999951735,21639.5682511616,1.00000001093812,0.786958269119353
515799.999951712,21653.0185217439,1.00000001099889,0.786892013459761
515899.999951689,21666.4759128562,1.00000001111208,0.787142827681675
515999.999951665,21679.9401939781,1.00000001101629,0.787078650303463
516099.999951642,21693.4100070337,1.00000001104274,0.787819481251179
516199.999951619,21706.8839496331,1.00000001098989,0.787793508778178
516299.999951596,21720.3626003427,1.00000001128384,0.787126047035125
516399.999951572,21733.8463430255,1.00000001132213,0.786888000281483
516499.999951549,21747.3346620175,1.00000001114489,0.787657961671375
516599.999951526,21760.8271686663,1.000000011194,0.787998098952085
516699.999951502,21774.3241586564,1.00000001137053,0.787824712847505
516799.999951479,21787.8248723777,1.0000000113494,0.787703688584577
516899.999951456,21801.3304331988,1.00000001128555,0.788651196653279
516999.999951433,21814.8410600426,1.00000001125697,0.787925999121915
517099.999951409,21828.3578372632,1.00000001114217,0.787285559779874
517199.999951386,21841.880060616,1.00000001121948,0.786479573562374
517299.999951363,21855.4086805494,1.00000001132138,0.786776333783972
517399.999951339,21868.9438482425,1.00000001115723,0.787187163406583
517499.999951316,21882.4842156671,1.00000001096556,0.787258589170911
517599.999951293,21896.0292660555,1.00000001155902,0.786798634170198
517699.99995127,21909.5785526056,1.00000001115363,0.787612000934282
517799.999951246,21923.1331556779,1.00000001140135,0.788275951429255
517899.999951223,21936.6927875052,1.00000001125902,0.788063003768342
517999.9999512,21950.2572576332,1.0000000112196,0.78760005307824
518099.999951176,21963.8273084168,1.00000001104912,0.787580589553377
518199.999951153,21977.4030659637,1.00000001129883,0.78744139588887
518299.99995113,21990.9849622533,1.00000001132896,0.787454304741243
518399.999951107,22004.5732775692,1.0000000108661,0.786605441635465
518499.999951083,22018.1677485376,1.00000001134835,0.78751937481418
518599.99995106,22031.7679712915,1.0000000109954,0.787240168729186
518699.999951037,22045.3737982188,1.00000001072507,0.787128389682318
518799.999951013,22058.9852531255,1.00000001117103,0.7875997976808
518899.99995099,22072.6010183904,1.00000001107615,0.787826661361711
518999.999950967,22086.2214148984,1.00000001112274,0.788601978112506
519099.999950944,22099.8465139695,1.00000001132346,0.788439963389842
519199.99995092,22113.47561357,1.0000000117412,0.788250156286247
519299.999950897,22127.1090339413,1.00000001128133,0.788275399462766
519399.999950874,22140.7464425124,1.00000001105448,0.78714069948815
519499.99995085,22154.3879518837,1.00000001109577,0.787481963049531
519599.999950827,22168.0325949545,1.00000001112913,0.7887295573258
519699.999950804,22181.6809268483,1.00000001096895,0.787808291395956
519799.999950781,22195.3330227333,1.00000001100038,0.787652743134283
519899.999950757,22208.9894787371,1.00000001098437,0.787898693058821
519999.999950734,22222.6496743194,1.00000001144953,0.787825603062754
520099.999950711,22236.3143744457,1.00000001140176,0.788061258083559
520199.999950688,22249.9832084448,1.00000001136028,0.788150385476597
520299.999950664,22263.6560871186,1.0000000111323,0.788139360570571
520399.999950641,22277.3332267838,1.00000001086659,0.787760489461203
520499.999950618,22291.0145921787,1.00000001114018,0.78803414564899
520599.999950594,22304.7003781138,1.00000001120095,0.787942441496093
520699.999950571,22318.3910835683,1.00000001120653,0.788379856464608
520799.999950548,22332.0866210149,1.00000001150261,0.788762200643335
520899.999950525,22345.7868388126,1.00000001155686,0.78883498146802
520999.999950501,22359.4922472484,1.00000001131689,0.788151591961297
521099.999950478,22373.2028177167,1.00000001126167,0.788173865753149
521199.999950455,22386.919521738,1.00000001099707,0.788175999548705
521299.999950431,22400.6420807255,1.00000001116396,0.787698995717906
521399.999950408,22414.3696244118,1.0000000111266,0.788187323498003
521499.999950385,22428.1023212698,1.00000001131218,0.787845419558549
521599.999950362,22441.8410942245,1.00000001099761,0.78879692161368
521699.999950338,22455.5851406965,1.00000001144403,0.788681599182626
521799.999950315,22469.3340307557,1.0000000111096,0.788404798886298
521899.999950292,22483.0884116839,1.00000001139916,0.788515545250662
521999.999950268,22496.8470735086,1.00000001136358,0.78841187765198
522099.999950245,22510.6102981442,1.00000001096899,0.788445837741286
522199.999950222,22524.3790323843,1.00000001119011,0.787611580396859
522299.999950199,22538.1534397596,1.00000001122405,0.787321607196829
522399.999950175,22551.9334796607,1.00000001139162,0.787267475048176
522499.999950152,22565.7185952502,1.00000001113736,0.787001829554366
522599.999950129,22579.5085134938,1.00000001105598,0.787528649032849
522699.999950105,22593.303284613,1.00000001129339,0.788124395357231
522799.999950082,22607.1028859487,1.00000001115539,0.788540696269919
522899.999950059,22620.9077168516,1.00000001109409,0.787968928349105
522999.999950036,22634.7181470516,1.0000000111748,0.78785793950215
523099.999950012,22648.5354124609,1.00000001118814,0.787813756828838
523199.999949989,22662.3594995739,1.00000001137537,0.787750537770019
523299.999949966,22676.1892047263,1.00000001115965,0.787644529648047
523399.999949942,22690.0240618586,1.00000001139987,0.788061406722994
523499.999949919,22703.8642820445,1.00000001142261,0.787958865560414
523599.999949896,22717.71010414,1.00000001097993,0.788248066870575
523699.999949873,22731.5597004455,1.00000001150023,0.789054264127519
523799.999949849,22745.4143905811,1.00000001118641,0.789315703050199
523899.999949826,22759.2740118509,1.00000001134581,0.788658119803144
523999.999949803,22773.1380179669,1.00000001123514,0.788648195836231
524099.999949779,22787.0064872979,1.00000001107255,0.7884722222957
524199.999949756,22800.8791114769,1.00000001133251,0.788452115574991
524299.999949733,22814.7564159913,1.00000001148316,0.788560792585308
524399.99994971,22828.6395991772,1.00000001146481,0.788274176623217
524499.999949686,22842.5286341878,1.00000001164041,0.787544086950036
524599.999949663,22856.4233525147,1.00000001147774,0.787704997887628
524699.99994964,22870.3238878306,1.00000001122878,0.788010490725588
524799.999949616,22884.2300872896,1.00000001139846,0.788398319955692
524899.999949593,22898.1411696217,1.00000001108865,0.788857040665693
524999.99994957,22912.056653923,1.00000001104563,0.788126381822146
525099.999949547,22925.976686794,1.00000001143204,0.788261487169277
525199.999949523,22939.9016204967,1.00000001129709,0.788219361831219
525299.9999495,22953.8314891858,1.00000001144767,0.787802827507272
525399.999949477,22967.7656157513,1.00000001153746,0.78782360243525
525499.999949454,22981.7043743209,1.00000001130885,0.787948439306936
525599.99994943,22995.6473125372,1.00000001149874,0.788184398687279
525699.999949407,23009.5942323155,1.00000001138032,0.788750440680018
525799.999949384,23023.5457743767,1.0000000112536,0.787906988385416
525899.99994936,23037.5033667555,1.00000001129299,0.788267633414357
525999.999949337,23051.4661663495,1.00000001159868,0.788927734488801
526099.999949314,23065.4338081237,1.00000001129384,0.789628258074181
526199.999949291,23079.4058309941,1.0000000112818,0.78976615153018
526299.999949267,23093.3832516785,1.00000001117229,0.789444403757309
526399.999949244,23107.3658111175,1.00000001143899,0.789441387822357
526499.999949221,23121.3542962228,1.0000000114679,0.788835161567611
526599.999949197,23135.3485608151,1.00000001152479,0.788090590269452
526699.999949174,23149.3488478318,1.00000001154338,0.788632595462029
526799.999949151,23163.3544368046,1.00000001114226,0.78845397672122
526899.999949128,23177.3650307921,1.00000001158568,0.788185863680004
526999.999949104,23191.3814750901,1.00000001135707,0.788506459575484
527099.999949081,23205.4033681135,1.00000001166721,0.78858065513113
527199.999949058,23219.4304814995,1.00000001119089,0.788713890628581
527299.999949034,23233.4620634999,1.00000001148329,0.788764555339859
527399.999949011,23247.4976939031,1.00000001120663,0.788868867888445
527499.999948988,23261.5367136154,1.00000001088319,0.789014710334731
527599.999948965,23275.5788467025,1.00000001138834,0.789204270655303
527699.999948941,23289.6244470413,1.00000001120479,0.789048413452908
527799.999948918,23303.6742508936,1.00000001156105,0.7888753476425
527899.999948895,23317.7284168617,1.00000001119501,0.788991842815018
527999.999948871,23331.7881000133,1.00000001135821,0.788237161852916
528099.999948848,23345.852853239,1.00000001109383,0.788831379798978
528199.999948825,23359.923122869,1.0000000114416,0.788920930162189
528299.999948802,23373.9991018148,1.00000001126429,0.78876079062214
528399.999948778,23388.0801030727,1.000000011512,0.788829545256156
528499.999948755,23402.1660920506,1.00000001109978,0.788924052405711
528599.999948732,23416.2569681892,1.00000001107555,0.78871163368997
528699.999948708,23430.3540512722,1.00000001144015,0.788395144241545
528799.999948685,23444.4571189175,1.00000001125729,0.788634905406604
528899.999948662,23458.566228202,1.00000001153605,0.788859157061582
528999.999948639,23472.6809176053,1.00000001114171,0.788980596753286
529099.999948615,23486.8009620009,1.00000001118418,0.788335191233969
529199.999948592,23500.9263842686,1.00000001121568,0.787746296804645
529299.999948569,23515.0567889571,1.00000001162456,0.787527962885451
529399.999948545,23529.1928037577,1.0000000108672,0.788208395830894
529499.999948522,23543.3340955748,1.00000001139705,0.788265742742834
529599.999948499,23557.4807021858,1.00000001127474,0.788431220592665
529699.999948476,23571.6319095558,1.00000001118314,0.788889055661296
529799.999948452,23585.7875002706,1.00000001159634,0.789120239563696
529899.999948429,23599.9471590256,1.00000001134065,0.789654310195529
529999.999948406,23614.1111755058,1.00000001140854,0.789561840325493
530099.999948382,23628.2798667392,1.00000001141323,0.789159835727602
530199.999948359,23642.4530499136,1.00000001128573,0.788703354456797
530299.999948336,23656.631026888,1.00000001146755,0.788200692571232
530399.999948313,23670.8139169505,1.00000001138658,0.788898901502714
530499.999948289,23685.000637702,1.00000001094989,0.78902133733552
530599.999948266,23699.1915161357,1.00000001152165,0.788861261854494
530699.999948243,23713.3875006141,1.00000001139807,0.788942064604298
530799.99994822,23727.5886180138,1.00000001167888,0.789185493160139
530899.999948196,23741.794825878,1.00000001133727,0.789097733552132
530999.999948173,23756.0066113876,1.00000001130313,0.788578762831934
531099.99994815,23770.2228662647,1.00000001102835,0.788696393293532
531199.999948126,23784.4428704763,1.00000001124853,0.788722837029727
531299.999948103,23798.6672980671,1.0000000114486,0.78855756302906
531399.99994808,23812.8962416395,1.00000001117074,0.788936710473875
531499.999948057,23827.1305645596,1.00000001153222,0.789517230338102
531599.999948033,23841.3699851112,1.0000000115409,0.78915319246165
531699.99994801,23855.6140350431,1.00000001140978,0.788906101880759
531799.999947987,23869.8623974616,1.00000001112713,0.788883987127557
531899.999947963,23884.1163808766,1.00000001135769,0.78917865011139
531999.99994794,23898.3760396995,1.00000001155215,0.789493680011156
532099.999947917,23912.6416727093,1.00000001126727,0.788471547447399
532199.999947894,23926.9139346823,1.00000001146755,0.788248786838193
532299.99994787,23941.1920533827,1.00000001133443,0.788180603574551
532399.999947847,23955.4751580895,1.00000001153742,0.788799803467151
532499.999947824,23969.7631251943,1.00000001123373,0.78900217734794
532599.9999478,23984.0557925842,1.00000001110494,0.788839284088002
532699.999947777,23998.3532871393,1.00000001140291,0.789111294467126
532799.999947754,24012.6563737765,1.00000001146786,0.78993092607577
532899.999947731,24026.9648397462,1.00000001168915,0.78902576821081
532999.999947707,24041.2780125636,1.00000001177052,0.789426104422472
533099.999947684,24055.5970584682,1.0000000113693,0.789419197720817
533199.999947661,24069.9213493931,1.00000001095813,0.789273513451452
533299.999947637,24084.25094338,1.0000000114953,0.789568235932453
533399.999947614,24098.5846466375,1.00000001137173,0.789492666724007
533499.999947591,24112.9210225401,1.00000001176851,0.788442133148359
533599.999947568,24127.2605211645,1.00000001152618,0.78860855475105
533699.999947544,24141.6037210623,1.00000001149834,0.788670870688097
533799.999947521,24155.9500849583,1.00000001137683,0.789527602801641
533899.999947498,24170.2998979289,1.00000001147621,0.78954242467734
533999.999947474,24184.6546328397,1.00000001133383,0.790335129572718
534099.999947451,24199.0135862168,1.00000001164422,0.790253920739161
534199.999947428,24213.3779642542,1.00000001157498,0.789769203920908
534299.999947405,24227.7475109175,1.00000001152814,0.789738129535388
534399.999947381,24242.1226787175,1.00000001149804,0.789928458032439
534499.999947358,24256.5030875025,1.0000000113807,0.789816228191547
534599.999947335,24270.8886667265,1.00000001178688,0.789331840158131
534699.999947311,24285.2796545457,1.00000001130489,0.789291520101537
534799.999947288,24299.6754935128,1.00000001167263,0.789351002789387
534899.999947265,24314.0768470879,1.00000001108478,0.789157536161463
534999.999947242,24328.4826989839,1.00000001151721,0.789941116351089
535099.999947218,24342.893720762,1.00000001170379,0.789533283291351
535199.999947195,24357.3106278966,1.00000001153268,0.789080318609508
535299.999947172,24371.7327061353,1.00000001122708,0.789558342694685
535399.999947148,24386.160120529,1.00000001154515,0.790067690423033
535499.999947125,24400.592271785,1.00000001163769,0.789755485712117
535599.999947102,24415.0304627064,1.0000000113478,0.789113718696437
535699.999947079,24429.4743482979,1.00000001131536,0.788840513398691
535799.999947055,24443.9226725735,1.00000001146279,0.789297850647051
535899.999947032,24458.3753542704,1.00000001123744,0.789560662143793
535999.999947009,24472.8330916993,1.0000000114275,0.789240727796468
536099.999946986,24487.2960463918,1.00000001195304,0.789645803814413
536199.999946962,24501.7636280502,1.00000001138166,0.789551824622098
536299.999946939,24516.235855831,1.00000001152072,0.789648275385354
536399.999946916,24530.7126947438,1.00000001176319,0.790327813698846
536499.999946892,24545.1945798948,1.0000000116182,0.790196702984833
536599.999946869,24559.6814604127,1.00000001164892,0.789926606375143
536699.999946846,24574.1729345461,1.00000001125539,0.790572311789017
536799.999946823,24588.668999173,1.00000001144209,0.790241622431696
536899.999946799,24603.1693712401,1.00000001116878,0.790107100409742
536999.999946776,24617.6741566312,1.00000001124486,0.790735927424845
537099.999946753,24632.1829865772,1.00000001157674,0.79043571480006
537199.999946729,24646.6964155552,1.00000001135011,0.790198301117308
537299.999946706,24661.2151545218,1.00000001178752,0.790162843957115
537399.999946683,24675.7400973093,1.00000001155802,0.789485397423145
537499.99994666,24690.2706325086,1.00000001149869,0.789677357083929
537599.999946636,24704.806759863,1.00000001131389,0.78969602509092
537699.999946613,24719.3474543596,1.00000001178455,0.789857275790294
537799.99994659,24733.8920293284,1.00000001145645,0.790532520305281
537899.999946566,24748.4406441358,1.00000001175149,0.790846040211008
537999.999946543,24762.9937097755,1.00000001159488,0.790629024890855
538099.99994652,24777.5515353735,1.00000001143164,0.790645683734458
538199.999946497,24792.1137744763,1.00000001149806,0.790480487963309
538299.999946473,24806.6803510714,1.00000001144769,0.790533856192182
538399.99994645,24821.2521509923,1.00000001146227,0.790523613053518
538499.999946427,24835.8298024616,1.0000000116695,0.79015514498978
538599.999946403,24850.4133545555,1.00000001113883,0.790273668892473
538699.99994638,24865.0029834017,1.00000001151558,0.790955202228961
538799.999946357,24879.5976090178,1.00000001144037,0.790595738811535
538899.999946334,24894.1975573695,1.00000001168959,0.790668958931248
538999.99994631,24908.8034113888,1.00000001123697,0.789997390497418
539099.999946287,24923.4144347043,1.00000001153943,0.789659072867584
539199.999946264,24938.0296070379,1.00000001113233,0.790198970487947
539299.99994624,24952.6494618318,1.00000001156284,0.79041238666131
539399.999946217,24967.2747410738,1.00000001166703,0.78999469941881
539499.999946194,24981.9046185207,1.00000001184866,0.78961809197157
539599.999946171,24996.5397478762,1.00000001183713,0.789889255158619
539699.999946147,25011.1795255176,1.00000001171193,0.790324649501213
539799.999946124,25025.825130622,1.00000001149411,0.790632443920368
539899.999946101,25040.4752811709,1.00000001134373,0.790243239786951
539999.999946077,25055.1294031067,1.00000001150776,0.790414283378989
540099.999946054,25069.7877755108,1.00000001165004,0.790334075703767
540199.999946031,25084.4509971146,1.00000001176516,0.790035120864715
540299.999946008,25099.1196920673,1.00000001143315,0.790631678252987
540399.999945984,25113.7937977641,1.0000000115784,0.791194969278494
540499.999945961,25128.4734785912,1.00000001158362,0.790510719215778
540599.999945938,25143.1589710572,1.00000001148221,0.789912790514396
540699.999945914,25157.8506646191,1.00000001148368,0.789556241903416
540799.999945891,25172.5487363985,1.00000001142172,0.789766571815402
540899.999945868,25187.2527784758,1.00000001182973,0.790289399434573
540999.999945845,25201.9622927169,1.00000001149447,0.79037010114375
541099.999945821,25216.677378736,1.00000001147282,0.790248609704605
541199.999945798,25231.3983967551,1.00000001135201,0.789650586272235
541299.999945775,25246.1260082801,1.00000001153142,0.789783752606972
541399.999945752,25260.8598510955,1.00000001126663,0.789664295435648
541499.999945728,25275.5995974301,1.0000000118178,0.790122121449823
541599.999945705,25290.3449644131,1.00000001143212,0.790131711385418
541699.999945682,25305.0963903936,1.00000001130774,0.790138915327231
541799.999945658,25319.853171235,1.00000001165213,0.790486937603843
541899.999945635,25334.6157596072,1.00000001179294,0.789798653348487
541999.999945612,25349.3836482246,1.00000001157281,0.790539264487204
542099.999945589,25364.1573697186,1.00000001187699,0.790774601246236
542199.999945565,25378.9369094076,1.0000000117762,0.791063292527618
542299.999945542,25393.7218475115,1.00000001128745,0.791504653697727
542399.999945519,25408.5110254577,1.00000001155337,0.791655156818464
542499.999945495,25423.3044829529,1.00000001172243,0.791435815743428
542599.999945472,25438.1025237721,1.00000001141745,0.79127575145411
542699.999945449,25452.9066819078,1.00000001159783,0.791843107115682
542799.999945426,25467.7170456773,1.00000001147665,0.791158060109447
542899.999945402,25482.5320073149,1.00000001176526,0.791125597461037
542999.999945379,25497.3506884636,1.00000001163572,0.79019336801351
543099.999945356,25512.1735277051,1.0000000119641,0.790581800673436
543199.999945332,25527.0009945922,1.00000001203129,0.790703349315032
543299.999945309,25541.8329898985,1.00000001156143,0.791065122242874
543399.999945286,25556.6696691258,1.00000001172424,0.790619346251161
543499.999945263,25571.5109899139,1.00000001143004,0.790146823799215
543599.999945239,25586.3565171705,1.00000001154814,0.790928230274843
543699.999945216,25601.2054914772,1.0000000114221,0.791397419336212
543799.999945193,25616.0581450245,1.00000001143826,0.791501514278672
543899.999945169,25630.9163275215,1.00000001182359,0.790464639096326
543999.999945146,25645.7800967246,1.00000001162965,0.790719877742723
544099.999945123,25660.6493489847,1.00000001178004,0.791022876587208
544199.9999451,25675.5233683979,1.00000001180998,0.790325424526788
544299.999945076,25690.4018590141,1.00000001188509,0.78996725768685
544399.999945053,25705.2862477037,1.00000001162992,0.790379141314438
544499.99994503,25720.1758121189,1.00000001179112,0.791805193490369
544599.999945006,25735.0695862731,1.00000001165111,0.791546512869415
544699.999944983,25749.967620634,1.000000011854,0.791732276650765
544799.99994496,25764.8707131266,1.00000001150295,0.792106217537677
544899.999944937,25779.7789344705,1.00000001133424,0.791791673029526
544999.999944913,25794.6924078234,1.00000001165383,0.791312468892384
545099.99994489,25809.6101832254,1.0000000117486,0.790466418650403
545199.999944867,25824.5324334044,1.00000001167302,0.790881519208051
545299.999944843,25839.4597811068,1.00000001186945,0.79073720041553
545399.99994482,25854.392800298,1.00000001164168,0.790272033311453
545499.999944797,25869.3313167051,1.00000001163388,0.79103067644374
545599.999944774,25884.2749698681,1.00000001178086,0.791542751406938
545699.99994475,25899.2226627359,1.00000001171609,0.79160078852046
545799.999944727,25914.1751367294,1.00000001159863,0.791512967155075
545899.999944704,25929.131919118,1.0000000115693,0.791724212850681
545999.99994468,25944.0936771468,1.00000001151472,0.791163646504494
546099.999944657,25959.0612036266,1.00000001178175,0.790921286065824
546199.999944634,25974.0339655439,1.00000001167766,0.790387710846716
546299.999944611,25989.0124427904,1.0000000118556,0.790772455397445
546399.999944587,26003.9967607013,1.00000001203251,0.791475024675643
546499.999944564,26018.9867155511,1.00000001135038,0.79116378643847
546599.999944541,26033.9828400544,1.0000000119066,0.79119073484639
546699.999944518,26048.9843336233,1.00000001170212,0.791910545947919
546799.999944494,26063.9908116632,1.00000001156414,0.791338531083491
546899.999944471,26079.0033431913,1.00000001188049,0.790357393431572
546999.999944448,26094.0217674866,1.0000000116084,0.791534894586678
547099.999944424,26109.0457667987,1.00000001169858,0.791324125517251
547199.999944401,26124.0754172453,1.00000001139286,0.79108966222034
547299.999944378,26139.1106567357,1.00000001161509,0.792134996486571
547399.999944355,26154.1511403977,1.00000001191877,0.792503248573514
547499.999944331,26169.1966525682,1.00000001162592,0.791947149616161
547599.999944308,26184.2470714346,1.00000001158431,0.791921198822264
547699.999944285,26199.3029471523,1.00000001183977,0.792572740150444
547799.999944261,26214.3636172558,1.00000001182501,0.792467579463205
547899.999944238,26229.4291069851,1.00000001176415,0.792327488381008
547999.999944215,26244.4997795067,1.00000001139413,0.792177985161117
548099.999944192,26259.5752014176,1.00000001134312,0.792038891772642
548199.999944168,26274.6559993185,1.00000001156058,0.791396889978837
548299.999944145,26289.7425453159,1.00000001196186,0.79091657219524
548399.999944122,26304.8338941416,1.00000001134312,0.791021212877695
548499.999944098,26319.9303222272,1.0000000120457,0.790878280427619
548599.999944075,26335.0313645375,1.00000001166519,0.791456742586197
548699.999944052,26350.1376113786,1.00000001170603,0.791034372606392
548799.999944029,26365.2482747328,1.00000001158644,0.791170046815708
548899.999944005,26380.3628752317,1.00000001157114,0.790952928771323
548999.999943982,26395.4812681087,1.00000001183565,0.791098879333909
549099.999943959,26410.6040755985,1.00000001182413,0.791130582849616
549199.999943935,26425.7311952581,1.00000001179325,0.791278802468808
549299.999943912,26440.8619911688,1.00000001160235,0.792124607278359
549399.999943889,26455.9953663834,1.000000011671,0.792463367341738
549499.999943866,26471.1324265313,1.00000001171948,0.791889008072368
549599.999943842,26486.2749645716,1.00000001160484,0.791898323222013
549699.999943819,26501.423019638,1.00000001155778,0.791031185619279
549799.999943796,26516.5774626364,1.00000001190076,0.790605926930897
549899.999943772,26531.737426415,1.00000001178613,0.791671114248024
549999.999943749,26546.901967158,1.00000001174325,0.791815110309701
550099.999943726,26562.0711968138,1.00000001173598,0.790820417134811
550199.999943703,26577.2454752258,1.00000001196176,0.791128519546842
550299.999943679,26592.4255208999,1.00000001186907,0.791298128470512
550399.999943656,26607.6117087294,1.00000001186549,0.791607734093793
550499.999943633,26622.8037705297,1.00000001181176,0.791342944279278
550599.999943609,26638.0009499042,1.00000001183617,0.791021583199394
550699.999943586,26653.2035682153,1.00000001212769,0.791169848608872
550799.999943563,26668.4117093356,1.00000001169968,0.79163932897119
550899.99994354,26683.6257293462,1.00000001194528,0.791414403330968
550999.999943516,26698.8448784666,1.0000000117538,0.791505520636338
551099.999943493,26714.068783375,1.00000001160248,0.791727719735417
551199.99994347,26729.2986365474,1.00000001192007,0.792344115397132
551299.999943446,26744.5343304216,1.00000001176833,0.792308240279497
551399.999943423,26759.7762105959,1.0000000114627,0.791733434594735
551499.9999434,26775.0241756185,1.00000001183049,0.79198345875391
551599.999943377,26790.2774860893,1.00000001162861,0.791719963601462
551699.999943353,26805.5354045652,1.00000001191545,0.79157631194207
551799.99994333,26820.7987421246,1.0000000119026,0.791399782766784
551899.999943307,26836.0677200955,1.00000001183546,0.790753621290636
551999.999943284,26851.3418931755,1.00000001182387,0.791050760732046
552099.99994326,26866.6211410276,1.00000001148247,0.792041458362397
552199.999943237,26881.9048698879,1.00000001202576,0.7918128762814
552299.999943214,26897.193279978,1.00000001206109,0.792376306883959
552399.99994319,26912.4870649727,1.00000001192312,0.792155816351453
552499.999943167,26927.7854836049,1.00000001158416,0.791898452145549
552599.999943144,26943.0882114544,1.00000001159063,0.792168779210132
552699.999943121,26958.3948627049,1.00000001177051,0.792101458416955
552799.999943097,26973.7061084785,1.00000001196239,0.792611365051404
552899.999943074,26989.0229435444,1.00000001197365,0.792516612800999
552999.999943051,27004.3440626448,1.00000001178709,0.79243162880981
553099.999943027,27019.6693638841,1.00000001177844,0.79250281127024
553199.999943004,27034.9990835605,1.00000001169523,0.792260348552093
553299.999942981,27050.333797433,1.00000001169968,0.792139538891063
553399.999942958,27065.6732359966,1.0000000121618,0.793180087103607
553499.999942934,27081.0170594347,1.00000001180883,0.792508919536301
553599.999942911,27096.366202027,1.00000001215315,0.793172961483552
553699.999942888,27111.7204190417,1.0000000118708,0.792734318527486
553799.999942864,27127.0797027353,1.00000001207739,0.792444489470495
553899.999942841,27142.4441334404,1.00000001170783,0.792504493657414
553999.999942818,27157.812738455,1.00000001191171,0.793052623032358
554099.999942795,27173.1862403686,1.00000001152809,0.791965344199287
554199.999942771,27188.5653015449,1.00000001169666,0.792151066524725
554299.999942748,27203.9498835149,1.00000001197534,0.791983932428898
554399.999942725,27219.3404907278,1.00000001165234,0.791603053025533
554499.999942701,27234.7370586198,1.00000001196761,0.791187071726652
554599.999942678,27250.1404664586,1.00000001173305,0.791110222816579
554699.999942655,27265.5506194837,1.00000001158585,0.791592722171639
554799.999942632,27280.9660910967,1.0000000113351,0.792209054166947
554899.999942608,27296.3860589396,1.00000001197212,0.791894406525669
554999.999942585,27311.8105219525,1.00000001205011,0.792405844512831
555099.999942562,27327.2395595006,1.00000001222106,0.792182876057487
555199.999942538,27342.672963246,1.00000001199197,0.79221812332726
555299.999942515,27358.1118970088,1.00000001179763,0.791864760271769
555399.999942492,27373.5560748203,1.00000001191164,0.791774687117909
555499.999942469,27389.0059103415,1.00000001164787,0.792014314768079
555599.999942445,27404.4606789939,1.00000001183653,0.791671372973172
555699.999942422,27419.9200513085,1.00000001220465,0.791826420172196
555799.999942399,27435.3848267032,1.00000001202301,0.791685704139557
555899.999942375,27450.8547537339,1.00000001224743,0.791941993650189
555999.999942352,27466.329507234,1.00000001155878,0.791784620276335
556099.999942329,27481.8093866689,1.00000001144281,0.79187924646893
556199.999942306,27497.2941410132,1.00000001193055,0.791994351606716
556299.999942282,27512.7836560469,1.00000001167371,0.792093290786863
556399.999942259,27528.2781288007,1.00000001161612,0.792073384591031
556499.999942236,27543.7781831574,1.00000001195832,0.792595435183581
556599.999942212,27559.2834252952,1.00000001180764,0.792568047104524
556699.999942189,27574.7941590013,1.00000001193155,0.792782566237988
556799.999942166,27590.3096267023,1.00000001213141,0.793223305342473
556899.999942143,27605.8305442406,1.00000001183397,0.793117754120148
556999.999942119,27621.3565591516,1.00000001187458,0.792709601334986
557099.999942096,27636.8878515024,1.00000001190769,0.791739594314092
557199.999942073,27652.4252717802,1.00000001182337,0.791809222044333
557299.99994205,27667.9690384362,1.00000001152943,0.792257066053365
557399.999942026,27683.5189477482,1.00000001148616,0.792387258384452
557499.999942003,27699.0744466096,1.00000001211302,0.792046102367735
557599.99994198,27714.6348321899,1.00000001171874,0.792641120128513
557699.999941956,27730.2004292946,1.00000001198067,0.792419227487108
557799.999941933,27745.7716062655,1.00000001178844,0.791858227832873
557899.99994191,27761.3482139758,1.00000001187377,0.792132804826814
557999.999941887,27776.93047192,1.00000001192218,0.792649597311554
558099.999941863,27792.518515262,1.00000001173626,0.792636728197202
558199.99994184,27808.111971284,1.00000001166484,0.792269594813088
558299.999941817,27823.7118646304,1.00000001204481,0.792185926256232
558399.999941793,27839.3173202116,1.00000001223294,0.791993093900867
558499.99994177,27854.9281117976,1.00000001207523,0.792060713409894
558599.999941747,27870.5441308831,1.0000000119858,0.792838496067013
558699.999941724,27886.1655808028,1.00000001155786,0.793031194830912
558799.9999417,27901.7923089652,1.00000001161867,0.793159691764599
558899.999941677,27917.4245812348,1.0000000121547,0.792617902928722
558999.999941654,27933.062556136,1.00000001208094,0.792474800222492
559099.99994163,27948.705871337,1.00000001209333,0.793273366535545
559199.999941607,27964.3535284484,1.00000001231627,0.793875949136593
559299.999941584,27980.005382027,1.00000001201921,0.793995913427822
559399.999941561,27995.662230585,1.00000001154137,0.794143558314128
559499.999941537,28011.3251421976,1.00000001194525,0.793189409375278
559599.999941514,28026.9930891949,1.00000001194635,0.79319269331252
559699.999941491,28042.6665672287,1.00000001176814,0.792970506504574
559799.999941467,28058.3464315428,1.00000001141889,0.792509356974885
559899.999941444,28074.0320459482,1.00000001160217,0.792156127321754
559999.999941421,28089.7223725297,1.00000001194945,0.792464527593443
560099.999941398,28105.4165140347,1.00000001209214,0.793242888686133
560199.999941374,28121.115215209,1.00000001205499,0.793538710605491
560299.999941351,28136.8176807868,1.00000001187041,0.793273605355359
560399.999941328,28152.5240726386,1.00000001171479,0.793296541897608
560499.999941304,28168.23526615,1.00000001190169,0.792527295901457
560599.999941281,28183.9525048821,1.00000001205726,0.792720756148532
560699.999941258,28199.6754711251,1.00000001170505,0.793157696721085
560799.999941235,28215.4032592328,1.00000001172781,0.793219513100487
560899.999941211,28231.1355302643,1.00000001192321,0.793318768811851
560999.999941188,28246.8734811597,1.00000001207183,0.792856989710803
561099.999941165,28262.6175934293,1.00000001168084,0.791804530173651
561199.999941141,28278.3680242918,1.00000001198509,0.793634806356822
561299.999941118,28294.1240536637,1.00000001178514,0.793128475427649
561399.999941095,28309.8839353663,1.00000001213811,0.793581034948659
561499.999941072,28325.6487438455,1.00000001165146,0.793055938558748
561599.999941048,28341.4187779141,1.00000001207704,0.792304330637964
561699.999941025,28357.194883918,1.00000001222848,0.792065246432643
561799.999941002,28372.9758768032,1.00000001167426,0.792078985401846
561899.999940978,28388.7612506429,1.00000001213641,0.791785186793454
561999.999940955,28404.5521338627,1.00000001192592,0.7913432862099
562099.999940932,28420.3485790966,1.00000001215973,0.791640537013379
562199.999940909,28436.1497340264,1.00000001209133,0.792334312001108
562299.999940885,28451.9565759581,1.00000001201903,0.792617875646467
562399.999940862,28467.7692494969,1.00000001181892,0.793005770315077
562499.999940839,28483.5872952352,1.00000001213506,0.79279947536995
562599.999940815,28499.4103022592,1.0000000117252,0.793360714663734
562699.999940792,28515.2383335327,1.00000001203225,0.793794656111791
562799.999940769,28531.0707147675,1.0000000119576,0.793485241135289
562899.999940746,28546.9074101682,1.0000000119128,0.793829683160839
562999.999940722,28562.7485210357,1.0000000119367,0.793031187621256
563099.999940699,28578.5942714838,1.00000001196682,0.793155376275957
563199.999940676,28594.4445108538,1.00000001185854,0.793585971712525
563299.999940653,28610.2987078504,1.0000000122009,0.793241593284721
563399.999940629,28626.1567237075,1.00000001186319,0.792679723032756
563499.999940606,28642.019141657,1.00000001209795,0.792934075363091
563599.999940583,28657.8862297931,1.00000001187277,0.793055181289651
563699.999940559,28673.7586557605,1.0000000119657,0.793081784944869
563799.999940536,28689.6362418696,1.00000001176971,0.793148476266921
563899.999940513,28705.5190603434,1.00000001168693,0.792957644445338
563999.99994049,28721.4068193507,1.00000001180997,0.793281155056409
564099.999940466,28737.2993358398,1.00000001185694,0.793265371012677
564199.999940443,28753.1975217555,1.00000001187723,0.79279088247432
564299.99994042,28769.100888792,1.00000001218518,0.793265036298569
564399.999940396,28785.0087993625,1.00000001170871,0.793816187321374
564499.999940373,28800.9210605301,1.00000001206892,0.793278048152094
564599.99994035,28816.8380737888,1.00000001191873,0.792881930386394
564699.999940327,28832.7601196144,1.00000001222624,0.792844522449643
564799.999940303,28848.6880477253,1.00000001169794,0.792973588759808
564899.99994028,28864.6219554094,1.00000001194821,0.793275917362239
564999.999940257,28880.560903032,1.00000001192816,0.793241798130405
565099.999940233,28896.5044952523,1.00000001196608,0.793496104175954
565199.99994021,28912.4531978119,1.00000001233105,0.792528278805307
565299.999940187,28928.4073306762,1.00000001245342,0.793187049586746
565399.999940164,28944.3669355968,1.00000001200816,0.793718588298538
565499.99994014,28960.332744817,1.00000001237849,0.793437597687692
565599.999940117,28976.3050884119,1.00000001214359,0.793959431990306
565699.999940094,28992.2839136259,1.00000001212262,0.793453633889154
565799.99994007,29008.2688821177,1.00000001226933,0.793429298576547
565899.999940047,29024.2585535035,1.00000001231757,0.793567882034688
565999.999940024,29040.251407394,1.0000000119503,0.793818484588477
566099.999940001,29056.2475712049,1.00000001179604,0.793835021013852
566199.999939977,29072.2479329844,1.00000001185864,0.793981337802218
566299.999939954,29088.2524238052,1.00000001185496,0.793301940928566
566399.999939931,29104.2624814554,1.00000001223554,0.793883326020076
566499.999939907,29120.2772207462,1.00000001202101,0.793569773422266
566599.999939884,29136.2966926448,1.00000001225545,0.793789490582377
566699.999939861,29152.3211738875,1.00000001213301,0.793455741553647
566799.999939838,29168.3509187378,1.0000000121826,0.793409979769399
566899.999939814,29184.3861037066,1.0000000119491,0.793502591361825
566999.999939791,29200.4257426818,1.00000001192253,0.793716870343296
567099.999939768,29216.470124524,1.00000001215834,0.793564674434204
567199.999939744,29232.5196838993,1.00000001200101,0.793673232977961
567299.999939721,29248.5754145387,1.00000001219309,0.793563770104217
567399.999939698,29264.635883428,1.00000001207648,0.793924527518348
567499.999939675,29280.70168618,1.00000001179559,0.793850939311677
567599.999939651,29296.7724880317,1.00000001187159,0.79377866573318
567699.999939628,29312.8489744326,1.00000001198589,0.793751662816914
567799.999939605,29328.9306467331,1.00000001192298,0.793628879120111
567899.999939581,29345.0173592487,1.00000001198729,0.794074845456229
567999.999939558,29361.1104101329,1.0000000121705,0.794048409725731
568099.999939535,29377.2089222389,1.00000001222901,0.793516724270604
568199.999939512,29393.3129933285,1.00000001173918,0.792891547639364
568299.999939488,29409.4223405866,1.00000001207194,0.79320233900964
568399.999939465,29425.5366620397,1.00000001179773,0.793498533484374
568499.999939442,29441.6561005682,1.00000001186548,0.79408808935509
568599.999939419,29457.7799476666,1.00000001235082,0.794194170948865
568699.999939395,29473.9083978741,1.00000001222853,0.794717103732582
568799.999939372,29490.0410248279,1.00000001194946,0.794425872007712
568899.999939349,29506.1776859232,1.00000001232857,0.794334453957665
568999.999939325,29522.3188953229,1.00000001194127,0.794053152916916
569099.999939302,29538.4642631475,1.00000001202633,0.79444852851665
569199.999939279,29554.6145984906,1.00000001197948,0.794468376953264
569299.999939256,29570.7701883589,1.0000000119539,0.7942008117297
569399.999939232,29586.931383561,1.00000001217836,0.794116957357749
569499.999939209,29603.0977787404,1.00000001236761,0.794302344519994
569599.999939186,29619.2688315781,1.00000001210104,0.794501977617819
569699.999939162,29635.444403676,1.00000001185095,0.793794930075259
569799.999939139,29651.6238972905,1.00000001202133,0.793409104930225
569899.999939116,29667.8085690708,1.00000001186811,0.793674685468122
569999.999939093,29683.9971722773,1.00000001187724,0.794068033659944
570099.999939069,29700.1898106245,1.00000001218968,0.794199500989205
570199.999939046,29716.3861811727,1.00000001202493,0.793983946427594
570299.999939023,29732.5883171135,1.00000001210579,0.793512816649658
570399.999938999,29748.7966970844,1.00000001227064,0.792995797462298
570499.999938976,29765.0110125022,1.00000001229344,0.793952919258223
570599.999938953,29781.2315707763,1.0000000120514,0.79359212772078
570699.99993893,29797.4579531553,1.00000001184488,0.793633958864489
570799.999938906,29813.6907808928,1.00000001214624,0.793103646757649
570899.999938883,29829.9306635828,1.00000001181106,0.79337185095806
570999.99993886,29846.17635807,1.00000001212312,0.793964762936885
571099.999938836,29862.4271799118,1.00000001213641,0.792993122472846
571199.999938813,29878.6831699497,1.00000001251696,0.793608980901632
571299.99993879,29894.9453891364,1.00000001196428,0.794173040191498
571399.999938767,29911.212961018,1.00000001255238,0.794194321838298
571499.999938743,29927.486164282,1.00000001222055,0.794248430769384
571599.99993872,29943.7652746538,1.00000001211662,0.793577539035576
571699.999938697,29960.0499825842,1.00000001178959,0.793337851793141
571799.999938673,29976.3396438644,1.00000001185292,0.793592996464975
571899.99993865,29992.633730967,1.00000001232832,0.793666647627467
571999.999938627,30008.933904338,1.00000001209404,0.793820192780331
572099.999938604,30025.2400340758,1.00000001220917,0.793808243296602
572199.99993858,30041.5514104336,1.00000001224287,0.793928360419822
572299.999938557,30057.8685649153,1.0000000119492,0.794674907072983
572399.999938534,30074.190958715,1.0000000120057,0.795122640674712
572499.99993851,30090.5181029188,1.00000001229622,0.79465760731145
572599.999938487,30106.8502600697,1.00000001196922,0.794747472376151
572699.999938464,30123.1868395552,1.00000001209694,0.794723994354432
572799.999938441,30139.5283195025,1.00000001238498,0.794402739527792
572899.999938417,30155.8756284238,1.00000001196107,0.793816527707082
572999.999938394,30172.2288653616,1.00000001211348,0.793986432546081
573099.999938371,30188.5872507351,1.00000001241674,0.794503232978835
573199.999938347,30204.9507326199,1.00000001191066,0.794831077126972
573299.999938324,30221.3189687155,1.0000000125953,0.794768233707574
573399.999938301,30237.6919394376,1.00000001230829,0.794771007150207
573499.999938278,30254.0692017582,1.00000001201102,0.794438522272115
573599.999938254,30270.4510208267,1.00000001244331,0.794658489043832
573699.999938231,30286.8369608589,1.00000001221848,0.794921778853216
573799.999938208,30303.2281771368,1.00000001243925,0.794443527492932
573899.999938185,30319.6251541016,1.00000001229493,0.794135025130895
573999.999938161,30336.0291745675,1.00000001210477,0.793669644321861
574099.999938138,30352.4389603053,1.00000001227557,0.794198190394662
574199.999938115,30368.8537982114,1.00000001239148,0.794150885846781
574299.999938091,30385.2727590746,1.00000001252955,0.793990355840043
574399.999938068,30401.6958588653,1.00000001210333,0.794547036183545
574499.999938045,30418.1228024996,1.00000001245931,0.794104187147519
574599.999938022,30434.5539973742,1.00000001199799,0.794104603664579
574699.999937998,30450.9894770383,1.00000001214688,0.793928239196859
574799.999937975,30467.4303615765,1.0000000122593,0.794751314795176
574899.999937952,30483.8758777323,1.00000001205464,0.794997052430145
574999.999937928,30500.3260167335,1.00000001232007,0.794342133030988
575099.999937905,30516.781040417,1.00000001224205,0.793781933395633
575199.999937882,30533.2406221464,1.00000001211571,0.794308907686767
575299.999937859,30549.7048538872,1.00000001271691,0.794395192938098
575399.999937835,30566.1736165637,1.00000001222264,0.7941665786598
575499.999937812,30582.6468281867,1.00000001206656,0.794890794454592
575599.999937789,30599.1239737415,1.00000001262572,0.794205327270638
575699.999937765,30615.6055256661,1.00000001199777,0.794237059116075
575799.999937742,30632.0930165455,1.00000001191902,0.794184994470831
575899.999937719,30648.5856472242,1.00000001226192,0.794806237448874
575999.999937696,30665.0838484767,1.00000001231293,0.794830003140333
576099.999937672,30681.5869488079,1.00000001199104,0.794731420039963
576199.999937649,30698.0960189824,1.00000001239819,0.794993551257531
576299.999937626,30714.6109937396,1.00000001222899,0.794506192088913
576399.999937602,30731.1318578578,1.0000000123157,0.795073631008657
576499.999937579,30747.658938512,1.00000001217962,0.795545341801682
576599.999937556,30764.1911609525,1.00000001216848,0.795572731507238
576699.999937533,30780.7282524246,1.00000001225028,0.794762707498373
576799.999937509,30797.2703831334,1.00000001214161,0.79408451095256
576899.999937486,30813.8181447798,1.00000001249572,0.794249430458436
576999.999937463,30830.3709554329,1.00000001229301,0.79420855090319
577099.999937439,30846.9288702503,1.0000000124296,0.794907534902906
577199.999937416,30863.4915573436,1.00000001264253,0.795026130943772
577299.999937393,30880.0596516893,1.00000001216593,0.794697882555619
577399.99993737,30896.6333583377,1.00000001201582,0.794536313366707
577499.999937346,30913.2123657954,1.00000001197339,0.794955272790306
577599.999937323,30929.7960878592,1.00000001220948,0.794906528608944
577699.9999373,30946.3836227878,1.00000001182776,0.794272308769475
577799.999937276,30962.9757306217,1.00000001220274,0.794978020418949
577899.999937253,30979.572284949,1.00000001197657,0.795227139474291
577999.99993723,30996.1738007185,1.00000001211018,0.794954101911785
578099.999937207,31012.7814538553,1.00000001209743,0.79500177626475
578199.999937183,31029.3935335866,1.00000001220605,0.795504223633902
578299.99993716,31046.0101829088,1.00000001224903,0.795407872890202
578399.999937137,31062.6308493763,1.00000001220215,0.795173716529049
578499.999937113,31079.2569504418,1.00000001231948,0.795006640767944
578599.99993709,31095.8888292615,1.00000001235929,0.794743370988886
578699.999937067,31112.5254580629,1.00000001245522,0.794049305608073
578799.999937044,31129.1671666381,1.00000001222292,0.794864533584951
578899.99993702,31145.8144485785,1.00000001214444,0.795028974096344
578999.999936997,31162.4671700124,1.00000001212112,0.794762046435207
579099.999936974,31179.1250650541,1.00000001238432,0.794727428268691
579199.999936951,31195.7882057708,1.00000001206121,0.795339032657475
579299.999936927,31212.4571624235,1.00000001228308,0.794781545127976
579399.999936904,31229.1326497244,1.00000001231688,0.794887743227144
579499.999936881,31245.8150287998,1.00000001218294,0.795113944241115
579599.999936857,31262.5027543194,1.00000001196923,0.795565938124856
579699.999936834,31279.1958341122,1.00000001254704,0.795176109781927
579799.999936811,31295.8937746718,1.0000000124088,0.79493269934712
579899.999936788,31312.5978541064,1.00000001236459,0.7954169623648
579999.999936764,31329.3071937337,1.00000001223199,0.795125518389741
580099.999936741,31346.0210708243,1.00000001162135,0.794634567139788
580199.999936718,31362.7396545553,1.0000000121354,0.794847555054501
580299.999936694,31379.4628401586,1.00000001245212,0.795100772832033
580399.999936671,31396.1906877551,1.00000001212901,0.795438562357446
580499.999936648,31412.9235949462,1.00000001236138,0.795146933801131
580599.999936625,31429.6616841201,1.00000001223766,0.794731533812169
580699.999936601,31446.4050721129,1.00000001209693,0.795015493517499
580799.999936578,31463.1544320911,1.00000001250168,0.794941817647728
580899.999936555,31479.9091863265,1.00000001222882,0.795073153866888
580999.999936531,31496.669029103,1.00000001216066,0.795245994287156
581099.999936508,31513.4340450906,1.00000001238885,0.795325852783975
581199.999936485,31530.2046253348,1.00000001238043,0.796185967240231
581299.999936462,31546.9807057387,1.00000001256582,0.795462489872997
581399.999936438,31563.7632495361,1.00000001239695,0.795441381897858
581499.999936415,31580.5510995587,1.00000001229166,0.795336158422221
581599.999936392,31597.3450958846,1.00000001248923,0.795672910776952
581699.999936368,31614.1443244436,1.00000001236865,0.79570221984442
581799.999936345,31630.9488861419,1.00000001227418,0.795752291627379
581899.999936322,31647.7589953423,1.00000001186838,0.795188409063772
581999.999936299,31664.5739008201,1.00000001253742,0.795429853130799
582099.999936275,31681.3927359182,1.00000001228393,0.795400578608448
582199.999936252,31698.2157892392,1.0000000123814,0.795350314516999
582299.999936229,31715.0444122833,1.00000001223532,0.794898973701712
582399.999936205,31731.8789462136,1.0000000125188,0.794451966687385
582499.999936182,31748.7197146144,1.00000001209116,0.795297882696808
582599.999936159,31765.5659759243,1.00000001225966,0.794955110246575
582699.999936136,31782.4184396896,1.00000001215793,0.795136247388929
582799.999936112,31799.2764627687,1.00000001218538,0.795876035021709
582899.999936089,31816.1389976836,1.00000001264217,0.79611032243853
582999.999936066,31833.0057502365,1.00000001248225,0.795492375276245
583099.999936042,31849.8776588009,1.00000001232863,0.795713567295895
583199.999936019,31866.7548023574,1.00000001231986,0.795330249852727
583299.999935996,31883.6367004237,1.00000001203365,0.795274742830137
583399.999935973,31900.5240795008,1.00000001257423,0.79543856657722
583499.999935949,31917.4166624588,1.00000001215295,0.795651954262484
583599.999935926,31934.3149864985,1.00000001238386,0.795686566006934
583699.999935903,31951.2186960843,1.00000001219883,0.795179878520962
583799.999935879,31968.1275963991,1.00000001252041,0.795526382630917
583899.999935856,31985.0419348241,1.00000001201456,0.795701378817216
583999.999935833,32001.9619884314,1.00000001239815,0.795700653081655
584099.99993581,32018.8885186483,1.00000001245683,0.795391923407561
584199.999935786,32035.8216047264,1.00000001236186,0.79563863509801
584299.999935763,32052.7599140933,1.00000001241133,0.795564641330253
584399.99993574,32069.7033495867,1.00000001228384,0.795442142973529
584499.999935717,32086.6526644146,1.00000001213521,0.795242198418025
584599.999935693,32103.6075948683,1.00000001278624,0.794829242352207
584699.99993567,32120.5675145224,1.00000001257914,0.795552058563915
584799.999935647,32137.5323683554,1.00000001256267,0.795924119187492
584899.999935623,32154.5016909054,1.00000001212252,0.795965739993256
584999.9999356,32171.4766320237,1.00000001243471,0.796366091363783
585099.999935577,32188.4560654567,1.00000001226066,0.796328449971012
585199.999935554,32205.4400158809,1.00000001238559,0.795582204005047
585299.99993553,32222.4282913321,1.00000001267589,0.794869214492785
585399.999935507,32239.4206338966,1.00000001216974,0.795776653795958
585499.999935484,32256.417838068,1.0000000122976,0.796079344662471
585599.99993546,32273.4194959951,1.00000001261515,0.795949166556304
585699.999935437,32290.4265696529,1.00000001236211,0.795750353637654
585799.999935414,32307.4378860431,1.00000001244149,0.796648555125973
585899.999935391,32324.4536695371,1.00000001202834,0.797023176161073
585999.999935367,32341.4733493203,1.00000001272617,0.796586125959725
586099.999935344,32358.4977226904,1.00000001197829,0.796209932797048
586199.999935321,32375.5260344335,1.000000012501,0.796461520910204
586299.999935297,32392.5589889614,1.00000001235342,0.796107315667197
586399.999935274,32409.5972168104,1.0000000123566,0.796513208167151
586499.999935251,32426.6408793963,1.00000001212745,0.796378377693214
586599.999935228,32443.6890502761,1.00000001202954,0.796725815930126
586699.999935204,32460.7419610049,1.00000001236251,0.796674986870067
586799.999935181,32477.8000779386,1.00000001209051,0.797044005044645
586899.999935158,32494.8626805635,1.00000001254344,0.796434854819855
586999.999935134,32511.9293694603,1.00000001243586,0.796392295545279
587099.999935111,32529.0008221624,1.00000001255934,0.795802525307314
587199.999935088,32546.0774979091,1.00000001239733,0.795931461249497
587299.999935065,32563.1609210168,1.00000001222007,0.796551581984913
587399.999935041,32580.2503662022,1.0000000119783,0.796116193734666
587499.999935018,32597.3451380573,1.00000001251919,0.796111446731654
587599.999934995,32614.4463371036,1.00000001239882,0.796419283898658
587699.999934971,32631.5532043435,1.00000001249355,0.796551764242746
587799.999934948,32648.6647080807,1.00000001276329,0.796936572643338
587899.999934925,32665.7806101499,1.00000001210768,0.797096196283226
587999.999934902,32682.9013184819,1.00000001236422,0.796559720804185
588099.999934878,32700.0271396432,1.00000001249078,0.796367891754847
588199.999934855,32717.1581372126,1.00000001224835,0.79618260344576
588299.999934832,32734.294746055,1.00000001244074,0.796556863688835
588399.999934808,32751.4365827548,1.00000001240494,0.796746923786765
588499.999934785,32768.5838022577,1.00000001221387,0.796037637375351
588599.999934762,32785.7373399088,1.00000001212506,0.795462123234053
588699.999934739,32802.8982100557,1.00000001234367,0.795502828616835
588799.999934715,32820.0655742196,1.000000011968,0.795587961873721
588899.999934692,32837.2393577342,1.00000001243455,0.796297941575935
588999.999934669,32854.418736576,1.00000001222729,0.795757998896672
589099.999934645,32871.6037361073,1.00000001228209,0.796275914893438
589199.999934622,32888.7938049727,1.00000001261667,0.796349811231109
589299.999934599,32905.9883833876,1.0000000124656,0.796264352635482
589399.999934576,32923.1876170364,1.00000001234537,0.795850579212012
589499.999934552,32940.3922824449,1.00000001224264,0.795763331484339
589599.999934529,32957.602242995,1.0000000121689,0.796371795286579
589699.999934506,32974.8177091316,1.00000001277025,0.796626008719164
589799.999934483,32992.0393400547,1.00000001235844,0.796486856591001
589899.999934459,33009.2674171294,1.00000001266578,0.796190376500741
589999.999934436,33026.502081172,1.00000001319047,0.796163208888885
590099.999934413,33043.743104593,1.00000001248953,0.795825479893748
590199.999934389,33060.9898464454,1.00000001261082,0.795791994619825
590299.999934366,33078.2422479825,1.00000001265791,0.795869582367112
590399.999934343,33095.5003890474,1.0000000124625,0.795672163243748
590499.99993432,33112.7644180189,1.00000001225729,0.796123044880763
590599.999934296,33130.0335663558,1.00000001217819,0.796473743219111
590699.999934273,33147.307226332,1.00000001225862,0.79697777415552
590799.99993425,33164.5860906303,1.00000001252231,0.796721243463895
590899.999934226,33181.8702840297,1.00000001270876,0.796845551215591
590999.999934203,33199.1598156846,1.00000001268975,0.79693972655603
591099.99993418,33216.4547480966,1.00000001247808,0.796353972740844
591199.999934157,33233.7558956152,1.00000001243625,0.797388002372846
591299.999934133,33251.0619266304,1.00000001229067,0.797210532874747
591399.99993411,33268.3736423453,1.00000001229535,0.796433341532893
591499.999934087,33285.6912328388,1.00000001241352,0.796882315382201
591599.999934063,33303.0138990775,1.00000001205987,0.7969747918706
591699.99993404,33320.3411222133,1.00000001223514,0.796555837484331
591799.999934017,33337.6729280168,1.00000001292652,0.797127185774327
591899.999933994,33355.0100635759,1.00000001244684,0.796364045043191
591999.99993397,33372.3517048572,1.00000001260463,0.797020954663854
592099.999933947,33389.6983286041,1.00000001266805,0.796886224758189
592199.999933924,33407.0496312123,1.00000001261912,0.796947661105299
592299.9999339,33424.4065416729,1.00000001237718,0.79712469658768
592399.999933877,33441.7693138155,1.00000001240434,0.797255698362053
592499.999933854,33459.1366876815,1.00000001242155,0.797007636077991
592599.999933831,33476.5080210762,1.000000012453,0.797096458103475
592699.999933807,33493.8838150261,1.00000001236255,0.796827264849094
592799.999933784,33511.265104051,1.0000000125226,0.79647310505779
592899.999933761,33528.6525241949,1.00000001262368,0.796033105151111
592999.999933737,33546.0458927169,1.0000000127505,0.795924057275615
593099.999933714,33563.4451066638,1.0000000124979,0.795880228624525
593199.999933691,33580.8500890653,1.0000000126152,0.796860991361764
593299.999933668,33598.2605824791,1.00000001280638,0.796656982646806
593399.999933644,33615.6765434279,1.00000001242192,0.797534871743444
593499.999933621,33633.0972403031,1.00000001241916,0.79799040549844
593599.999933598,33650.5219347844,1.00000001263095,0.798302948083582
593699.999933574,33667.9511437414,1.0000000123903,0.797516218989247
593799.999933551,33685.3853625795,1.00000001225073,0.797550301208405
593899.999933528,33702.8237536423,1.00000001267603,0.797532740539524
593999.999933505,33720.2669157658,1.00000001250699,0.797723275759198
594099.999933481,33737.7153856715,1.00000001281639,0.797806128255456
594199.999933458,33755.1686331442,1.00000001240016,0.797510480667496
594299.999933435,33772.6264174647,1.00000001239358,0.797864170061128
594399.999933411,33790.0889293789,1.00000001270073,0.797624210596283
594499.999933388,33807.5556623612,1.00000001251542,0.797493310967834
594599.999933365,33825.0270394333,1.00000001248198,0.797120873318479
594699.999933342,33842.502402213,1.0000000127174,0.796691036458811
594799.999933318,33859.9813900811,1.00000001241325,0.796035341159139
594899.999933295,33877.4651769938,1.00000001232088,0.796507778256817
594999.999933272,33894.9533144255,1.00000001294227,0.796754531011832
595099.999933249,33912.44684043,1.00000001248804,0.797114431039777
595199.999933225,33929.9457305039,1.00000001242615,0.797463063253815
595299.999933202,33947.4490161563,1.00000001274883,0.797161936545882
595399.999933179,33964.9575560643,1.00000001277481,0.796991620500492
595499.999933155,33982.4710648417,1.00000001267761,0.796850955095326
595599.999933132,33999.9902616306,1.00000001265604,0.796816769020667
595699.999933109,34017.5141323388,1.00000001251998,0.796679086867873
595799.999933086,34035.0434670497,1.00000001257875,0.79637078863742
595899.999933062,34052.5793008276,1.0000000123313,0.797157311961867
595999.999933039,34070.1207595125,1.0000000127902,0.797787734277185
596099.999933016,34087.6665460184,1.00000001252517,0.797243567410193
596199.999932992,34105.217409675,1.00000001250078,0.79736539502972
596299.999932969,34122.7746340234,1.0000000125444,0.797162454164775
596399.999932946,34140.3378454103,1.00000001231278,0.796821382397763
596499.999932923,34157.9071606951,1.000000012633,0.796924602581616
596599.999932899,34175.4816158767,1.00000001264117,0.797831473646949
596699.999932876,34193.0605954155,1.00000001274415,0.797350357841667
596799.999932853,34210.6439309509,1.00000001255335,0.798007333351697
596899.999932829,34228.2317505426,1.00000001275009,0.797627960958113
596999.999932806,34245.8245220058,1.00000001207399,0.797121180519325
597099.999932783,34263.4232258801,1.00000001236116,0.796073674631913
597199.99993276,34281.0282814636,1.00000001257715,0.796146191934317
597299.999932736,34298.6390140069,1.00000001242306,0.796947025142127
597399.999932713,34316.2553442237,1.00000001233408,0.79694530587223
597499.99993269,34333.8772528531,1.00000001221795,0.796702947118269
597599.999932666,34351.5045417517,1.00000001219259,0.796754746868264
597699.999932643,34369.13691622,1.00000001260533,0.796971994068447
597799.99993262,34386.7741000547,1.00000001256816,0.797456871362655
597899.999932597,34404.4157984222,1.00000001227044,0.7974813074856
597999.999932573,34422.0619379997,1.00000001238629,0.797204796133332
598099.99993255,34439.7129993928,1.00000001252992,0.796961534243297
598199.999932527,34457.3692282174,1.00000001194795,0.79703937834795
598299.999932503,34475.0309258112,1.00000001289009,0.797386281945541
598399.99993248,34492.6981395954,1.0000000128279,0.797274346914433
598499.999932457,34510.370988418,1.00000001293913,0.796802720777174
598599.999932434,34528.0489756306,1.00000001261851,0.797335279104286
598699.99993241,34545.7316387645,1.00000001235421,0.797940500635861
598799.999932387,34563.4192618347,1.00000001226354,0.797888702462684
598899.999932364,34581.112584545,1.00000001285736,0.798007308698718
598999.99993234,34598.8125106957,1.00000001235484,0.798051943492156
599099.999932317,34616.5183209834,1.00000001282743,0.797901354932012
599199.999932294,34634.2294275972,1.00000001294444,0.79747426141181
599299.999932271,34651.9454146601,1.00000001290245,0.796967426351182
599399.999932247,34669.6656548175,1.00000001240002,0.797131610173411
599499.999932224,34687.3909387965,1.00000001224937,0.797255323830121
599599.999932201,34705.1217142752,1.00000001244391,0.79707339806233
599699.999932177,34722.8572621104,1.00000001282475,0.797218472946595
599799.999932154,34740.5976393945,1.00000001269967,0.797130252771793
599899.999932131,34758.3424136112,1.00000001286024,0.796848600359316
599999.999932108,34776.0914484525,1.00000001260927,0.796590328414783
600099.999932084,34793.8440003029,1.00000001281482,0.797072241848575
600199.999932061,34811.6007233283,1.00000001236539,0.797638291216567
600299.999932038,34829.3637893387,1.00000001299396,0.797157548935442
600399.999932014,34847.1335165344,1.00000001262801,0.796966330086844
600499.999931991,34864.9095807892,1.00000001273143,0.797018951195422
600599.999931968,34882.6914188141,1.00000001229209,0.796867821187237
600699.999931945,34900.4791958353,1.0000000127783,0.796548797421687
600799.999931921,34918.2729484389,1.00000001244209,0.79702370038496
600899.999931898,34936.0720621651,1.00000001240505,0.797104502946184
600999.999931875,34953.8771805444,1.00000001277144,0.796277375394677
601099.999931852,34971.6882177864,1.0000000125573,0.796749239172282
601199.999931828,34989.5042304155,1.00000001256696,0.796756740308397
601299.999931805,35007.3254607821,1.00000001257235,0.797551755142214
601399.999931782,35025.1518957793,1.00000001277599,0.797418480085706
601499.999931758,35042.9839680864,1.0000000126945,0.796294999144346
601599.999931735,35060.8217620051,1.00000001246975,0.796342754448216
601699.999931712,35078.6646575761,1.00000001265601,0.796804490195196
601799.999931689,35096.5116587805,1.00000001285911,0.79717917491661
601899.999931665,35114.3633612173,1.00000001286169,0.797337983553599
601999.999931642,35132.2201766238,1.00000001295991,0.796965392894651
602099.999931619,35150.0825962207,1.00000001274079,0.797193279748971
602199.999931595,35167.9498744126,1.00000001264095,0.797152473436899
602299.999931572,35185.8226618493,1.00000001255731,0.797687639836656
602399.999931549,35203.7005922298,1.0000000128763,0.797415431507413
602499.999931526,35221.5843561309,1.00000001271215,0.796846087390641
602599.999931502,35239.4737292375,1.00000001279938,0.797776290639962
602699.999931479,35257.3692596145,1.00000001287984,0.797827278853418
602799.999931456,35275.2703991294,1.00000001259837,0.797582990940638
602899.999931432,35293.1774201174,1.0000000127086,0.798152827982162
602999.999931409,35311.0891192352,1.00000001240229,0.798397781189533
603099.999931386,35329.0057186242,1.00000001247605,0.79877527810873
603199.999931363,35346.9268174703,1.00000001258679,0.798575297025329
603299.999931339,35364.853002323,1.00000001294095,0.798289298911815
603399.999931316,35382.7846539293,1.00000001280232,0.797496361143205
603499.999931293,35400.7232017614,1.00000001292693,0.797034465654124
603599.999931269,35418.6680301597,1.00000001258763,0.79711487457187
603699.999931246,35436.6190474069,1.00000001291934,0.798117634769954
603799.999931223,35454.5755128162,1.00000001288529,0.798230951592217
603899.9999312,35472.537319497,1.00000001281325,0.798383838435462
603999.999931176,35490.5049588916,1.00000001255613,0.798048993456504
604099.999931153,35508.477979361,1.00000001270757,0.79828240808651
604199.99993113,35526.4560131668,1.00000001298272,0.79819149044672
604299.999931106,35544.4388515627,1.00000001291933,0.798238537870425
604399.999931083,35562.4268537254,1.00000001268877,0.798419024261028
604499.99993106,35580.4195138265,1.00000001279116,0.798685333280406
604599.999931037,35598.4165450383,1.00000001269706,0.797896764887821
604699.999931013,35616.4181547756,1.00000001274827,0.797691695328383
604799.99993099,35634.4252254622,1.00000001269416,0.798169917553023
604899.999930967,35652.4378950646,1.00000001298191,0.798158436230213
604999.999930943,35670.4554620279,1.00000001283672,0.797999250308292
605099.99993092,35688.4775816768,1.00000001319526,0.797845126615442
605199.999930897,35706.5041256235,1.00000001274108,0.797675439092843
605299.999930874,35724.5352557657,1.00000001269803,0.798296494700322
605399.99993085,35742.5716990317,1.00000001254641,0.798182977040066
605499.999930827,35760.6124960634,1.00000001278372,0.798452533469678
605599.999930804,35778.6585473177,1.00000001237663,0.798444978812747
605699.99993078,35796.7096709299,1.00000001266496,0.79912212059751
605799.999930757,35814.7657310293,1.00000001272625,0.799243516988413
605899.999930734,35832.8268899083,1.00000001319518,0.798796922313834
605999.999930711,35850.893286842,1.00000001296301,0.798531210699097
606099.999930687,35868.96543841,1.00000001283977,0.79850019672269
606199.999930664,35887.0433575202,1.00000001259429,0.798337085316026
606299.999930641,35905.1266514062,1.00000001260032,0.798401257831137
606399.999930618,35923.2152174658,1.00000001292162,0.797585187568836
606499.999930594,35941.3095613689,1.00000001267336,0.797716378815595
606599.999930571,35959.4098638648,1.00000001290532,0.797928407834977
606699.999930548,35977.5165976639,1.00000001258895,0.797884272627039
606799.999930524,35995.6296185024,1.00000001278699,0.798000557371233
606899.999930501,36013.7472417048,1.00000001280926,0.798174409276792
606999.999930478,36031.8697781361,1.00000001279702,0.798076819565713
607099.999930455,36049.997429249,1.00000001284134,0.798330648580818
607199.999930431,36068.1303884532,1.0000000125752,0.798190158119698
607299.999930408,36086.2683720963,1.00000001318717,0.797621121624893
607399.999930385,36104.4117581452,1.00000001250421,0.797031909372638
607499.999930361,36122.5603489569,1.00000001253728,0.79723051090745
607599.999930338,36140.7139947395,1.00000001263847,0.798241367031844
607699.999930315,36158.8723293688,1.00000001270361,0.7981369855315
607799.999930292,36177.0354439595,1.00000001267742,0.798209915875548
607899.999930268,36195.2022564886,1.00000001300308,0.798468249962332
607999.999930245,36213.3739481437,1.00000001247407,0.798143499089493
608099.999930222,36231.5523090587,1.00000001276654,0.798414390448127
608199.999930198,36249.7357961974,1.00000001283668,0.798329576033638
608299.999930175,36267.9249217833,1.00000001285802,0.798312230540246
608399.999930152,36286.1194559293,1.00000001292941,0.798319320668282
608499.999930129,36304.3197500703,1.00000001274205,0.798434594968702
608599.999930105,36322.5255666788,1.0000000126046,0.798815182028891
608699.999930082,36340.7364073557,1.00000001302414,0.798488863196317
608799.999930059,36358.952345077,1.00000001279588,0.798393191630133
608899.999930035,36377.1734410451,1.00000001327992,0.798158545280829
608999.999930012,36395.3995803116,1.00000001277207,0.798205572968569
609099.999929989,36413.630705879,1.00000001233283,0.798085833010219
609199.999929966,36431.86747763,1.00000001289705,0.798092366820957
609299.999929942,36450.1088786581,1.00000001272191,0.798394009883326
609399.999929919,36468.3547346451,1.00000001258136,0.798444260540202
609499.999929896,36486.6053359359,1.00000001288925,0.798602978458408
609599.999929872,36504.860679476,1.00000001250921,0.797991723854675
609699.999929849,36523.1206506665,1.00000001269874,0.798536121585619
609799.999929826,36541.3847004422,1.0000000127482,0.798762437556696
609899.999929803,36559.652796563,1.00000001254127,0.798565266870078
609999.999929779,36577.9254275576,1.0000000128066,0.797973126325641
610099.999929756,36596.2027147617,1.00000001314853,0.798632951556212
610199.999929733,36614.4845287382,1.0000000127866,0.798807556476527
610299.999929709,36632.7707303193,1.0000000127478,0.798963216547154
610399.999929686,36651.0615505848,1.00000001264321,0.799048214637522
610499.999929663,36669.3567091775,1.00000001268576,0.798784128886355
610599.99992964,36687.6569083722,1.00000001266181,0.797839290571887
610699.999929616,36705.9624557108,1.00000001253038,0.797885675224608
610799.999929593,36724.2732868473,1.00000001291748,0.797539968730553
610899.99992957,36742.5887453381,1.00000001337152,0.798175371246663
610999.999929546,36760.9097722519,1.0000000127804,0.797955940056736
611099.999929523,36779.2367912395,1.00000001287697,0.798012116825641
611199.9999295,36797.569752629,1.0000000130788,0.79838248843337
611299.999929477,36815.9088585033,1.00000001254053,0.79862634549974
611399.999929453,36834.2534212319,1.00000001295619,0.798639594423673
611499.99992943,36852.6034990072,1.00000001267092,0.798178726888433
611599.999929407,36870.9595439628,1.00000001255178,0.798502056867779
611699.999929384,36889.3213940716,1.00000001274754,0.798201141058736
611799.99992936,36907.6886146477,1.00000001299515,0.79843583836615
611899.999929337,36926.0605092094,1.00000001302414,0.798718756681779
611999.999929314,36944.4374485472,1.00000001324625,0.799577641926399
612099.99992929,36962.8198419611,1.00000001291578,0.799529570707261
612199.999929267,36981.2073393304,1.00000001284108,0.799138281341839
612299.999929244,36999.600677631,1.00000001259042,0.798789170745664
612399.999929221,37017.9987971592,1.0000000128891,0.799089359794241
612499.999929197,37036.4017237891,1.00000001288822,0.799350802585967
612599.999929174,37054.8094145318,1.0000000130043,0.799087887291344
612699.999929151,37073.2218830367,1.00000001218474,0.798385711940548
612799.999929127,37091.6400743628,1.00000001296342,0.798128779252041
612899.999929104,37110.0639295198,1.00000001263738,0.798515766042691
612999.999929081,37128.4934247369,1.00000001319217,0.798171603346482
613099.999929058,37146.9284558167,1.00000001303677,0.798308593532327
613199.999929034,37165.3690314513,1.000000012954,0.797904386172465
613299.999929011,37183.8152009648,1.000000013011,0.798665837333102
613399.999928988,37202.2667412165,1.0000000129404,0.799559660538024
613499.999928964,37220.7226146649,1.0000000127935,0.799652826964314
613599.999928941,37239.1837559226,1.00000001259575,0.799593479550756
613699.999928918,37257.650393464,1.00000001258708,0.799393942018691
613799.999928895,37276.1225502504,1.00000001279661,0.800128799528988
613899.999928871,37294.5996911281,1.0000000130255,0.800170585402795
613999.999928848,37313.0816155131,1.0000000131828,0.799592200922209
614099.999928825,37331.5693937536,1.00000001296535,0.798972502248936
614199.999928801,37350.0628983602,1.00000001294788,0.799181163124884
614299.999928778,37368.5614276544,1.00000001263167,0.799411981954857
614399.999928755,37387.0649943305,1.0000000129241,0.799364439111491
614499.999928732,37405.5734960317,1.00000001286947,0.799395385658697
614599.999928708,37424.0874367682,1.00000001283469,0.798158634239967
614699.999928685,37442.6063911242,1.00000001298086,0.79850869277396
614799.999928662,37461.1310220211,1.00000001322489,0.799197504409927
614899.999928638,37479.6616411588,1.00000001307899,0.798496751682407
614999.999928615,37498.1984892122,1.00000001288672,0.798800483066994
615099.999928592,37516.7398875148,1.00000001269606,0.798743222041081
615199.999928569,37535.2852329741,1.00000001357097,0.799576364609251
615299.999928545,37553.8353729953,1.00000001285394,0.799170517616171
615399.999928522,37572.3909543675,1.00000001305491,0.79845320482518
615499.999928499,37590.9528963402,1.00000001288116,0.798481472522449
615599.999928475,37609.5202975185,1.00000001322849,0.798604961074043
615699.999928452,37628.0933171012,1.00000001281943,0.798129698211573
615799.999928429,37646.6706505881,1.0000000125703,0.79930848636299
615899.999928406,37665.2522581232,1.00000001310436,0.79989064187072
615999.999928382,37683.8385215551,1.0000000125217,0.799207303722426
616099.999928359,37702.4295165712,1.00000001331101,0.799467907963309
616199.999928336,37721.0253335462,1.00000001285422,0.800032042281249
616299.999928312,37739.6254848547,1.00000001287738,0.799837226451726
616399.999928289,37758.2311129034,1.00000001300037,0.799764787240962
616499.999928266,37776.8421853437,1.0000000128465,0.799672276274953
616599.999928243,37795.4585147592,1.00000001272854,0.799846704510873
616699.999928219,37814.0798626137,1.00000001309225,0.799426219932275
616799.999928196,37832.7063366955,1.000000012913,0.799557290924628
616899.999928173,37851.3382889332,1.00000001273122,0.799622911115929
616999.99992815,37869.9765498135,1.00000001308215,0.799040046627807
617099.999928126,37888.62050235,1.00000001297927,0.799354094529473
617199.999928103,37907.2692444332,1.0000000129911,0.799586499736324
617299.99992808,37925.9230520589,1.00000001310702,0.800192037393672
617399.999928056,37944.5824321798,1.0000000126993,0.799884695747685
617499.999928033,37963.2469479723,1.0000000128451,0.799611485784342
617599.99992801,37981.9172485484,1.00000001248573,0.799608366810204
617699.999927987,38000.5922626789,1.00000001274676,0.799359216442163
617799.999927963,38019.2720971206,1.00000001308707,0.798845048852813
617899.99992794,38037.9572334186,1.00000001318042,0.799050570928452
617999.999927917,38056.6469444064,1.00000001287927,0.799771729453418
618099.999927893,38075.3413912071,1.000000012815,0.799851166294947
618199.99992787,38094.0410143216,1.00000001299803,0.798931749902005
618299.999927847,38112.7468315091,1.00000001283705,0.799332539845288
618399.999927824,38131.4578266395,1.00000001315941,0.799460643210026
618499.9999278,38150.1741128319,1.00000001282422,0.799577807258068
618599.999927777,38168.8956716078,1.00000001310909,0.79964044353542
618699.999927754,38187.6214344796,1.00000001285563,0.800840659099383
618799.99992773,38206.3523305686,1.00000001276842,0.800377796108469
618899.999927707,38225.0892770214,1.00000001291968,0.799421948844026
618999.999927684,38243.8336598441,1.00000001264121,0.798770295782968
619099.999927661,38262.5849969988,1.00000001292828,0.799020461826138
619199.999927637,38281.3430326024,1.0000000131962,0.799656912959701
619299.999927614,38300.1074165785,1.00000001321892,0.799383349011523
619399.999927591,38318.8768938725,1.00000001312122,0.799762539757335
619499.999927567,38337.651178282,1.0000000130394,0.800328488593541
619599.999927544,38356.4303882166,1.00000001276133,0.800511708313658
619699.999927521,38375.2142909812,1.00000001330211,0.800440805680666
619799.999927498,38394.0034512449,1.00000001322989,0.800216766994907
619899.999927474,38412.7981125426,1.00000001290908,0.800176701424995
619999.999927451,38431.5985952161,1.00000001327756,0.800673051970623
620099.999927428,38450.4044170543,1.00000001314291,0.799817815936279
620199.999927404,38469.2159704356,1.00000001310196,0.799870427627165
620299.999927381,38488.0330841366,1.0000000130739,0.799855295119104
620399.999927358,38506.8555823533,1.00000001288512,0.799724420307777
620499.999927335,38525.683613716,1.00000001311433,0.799615237854916
620599.999927311,38544.516936535,1.00000001291238,0.800034679550218
620699.999927288,38563.3560013926,1.0000000131516,0.799547540142679
620799.999927265,38582.2002960826,1.00000001297852,0.800040704718135
620899.999927241,38601.0499960475,1.00000001296575,0.79979103358213
620999.999927218,38619.9053331343,1.00000001331187,0.799877363394405
621099.999927195,38638.7661977683,1.0000000132169,0.799802629316844
621199.999927172,38657.6310767842,1.00000001291216,0.800030833900525
621299.999927148,38676.5004610463,1.00000001287906,0.799564551307191
621399.999927125,38695.3755043349,1.00000001307233,0.799788438162099
621499.999927102,38714.2564283113,1.00000001307246,0.799945925724377
621599.999927078,38733.1438927517,1.00000001284284,0.79989337986777
621699.999927055,38752.0382253549,1.00000001294754,0.799601842639101
621799.999927032,38770.9389543465,1.00000001289904,0.799887469783297
621899.999927009,38789.8449432424,1.00000001283122,0.800418653561402
621999.999926985,38808.7546782544,1.00000001295537,0.800267168008171
622099.999926962,38827.6676136563,1.00000001268659,0.800060366187474
622199.999926939,38846.5839990643,1.00000001306008,0.799902744606878
622299.999926916,38865.5053708776,1.00000001318813,0.799091698279001
622399.999926892,38884.4318155181,1.00000001291504,0.80006364249854
622499.999926869,38903.3633522169,1.00000001273897,0.799904173259773
622599.999926846,38922.2989855203,1.00000001281713,0.800336040456582
622699.999926822,38941.2383571841,1.00000001306429,0.800138130884635
622799.999926799,38960.1824284647,1.00000001297385,0.799469957750907
622899.999926776,38979.1326930721,1.00000001244365,0.799439698936193
622999.999926753,38998.0882155924,1.00000001282809,0.800074985306619
623099.999926729,39017.0490882306,1.00000001324195,0.799747677156737
623199.999926706,39036.0149307324,1.00000001322503,0.799533056370028
623299.999926683,39054.9865661865,1.00000001302027,0.799369666964818
623399.999926659,39073.9641563471,1.00000001305823,0.799555640650208
623499.999926636,39092.9469838327,1.00000001328404,0.799135774589311
623599.999926613,39111.9355483436,1.00000001246217,0.79950228069664
623699.99992659,39130.9294070489,1.00000001365099,0.799796503031232
623799.999926566,39149.927920596,1.00000001316932,0.79960612929018
623899.999926543,39168.9303591857,1.00000001273716,0.799779044905019
623999.99992652,39187.9384816022,1.00000001342078,0.798891931022254
624099.999926496,39206.9522237416,1.00000001293186,0.799024409706762
624199.999926473,39225.9708204313,1.00000001304748,0.799729799957907
624299.99992645,39244.9957261724,1.0000000133721,0.800038663880759
624399.999926427,39264.0255751546,1.00000001331871,0.799940074431782
624499.999926403,39283.060555479,1.00000001316414,0.800668439404938
624599.99992638,39302.100925123,1.00000001280423,0.800565730713202
624699.999926357,39321.1469588451,1.0000000132572,0.800820811530765
624799.999926333,39340.1982859287,1.00000001280582,0.800245080838073
624899.99992631,39359.2539582824,1.00000001291977,0.800081427111367
624999.999926287,39378.314420835,1.00000001287062,0.799816768607824
625099.999926264,39397.3792380586,1.00000001321965,0.800285977004997
625199.99992624,39416.4486683447,1.00000001328487,0.801177346044071
625299.999926217,39435.5222095393,1.00000001291729,0.80101728909658
625399.999926194,39454.5997157513,1.00000001295224,0.801210978993572
625499.99992617,39473.6821826129,1.00000001279497,0.801074412530211
625599.999926147,39492.7694972723,1.000000013254,0.800710383022167
625699.999926124,39511.8616234234,1.00000001273187,0.801061376421671
625799.999926101,39530.9590768873,1.0000000129168,0.80079812006725
625899.999926077,39550.0626214026,1.00000001274498,0.800569727827237
625999.999926054,39569.1718909792,1.0000000128832,0.800435812475293
626099.999926031,39588.2874893759,1.00000001306251,0.80008038389905
626199.999926007,39607.4089956471,1.0000000127979,0.800555031508019
626299.999925984,39626.5365551736,1.00000001341456,0.800696160129389
626399.999925961,39645.6695929017,1.00000001313159,0.800676528482042
626499.999925938,39664.8087033347,1.00000001265802,0.800656214632605
626599.999925914,39683.9539661245,1.00000001314374,0.800374963504742
626699.999925891,39703.1058361924,1.00000001301368,0.800320023930512
626799.999925868,39722.2637806265,1.00000001310007,0.80053467182438
626899.999925844,39741.4259029638,1.00000001349403,0.800589732830259
626999.999925821,39760.5927291277,1.00000001281236,0.800807323024054
627099.999925798,39779.7641964896,1.00000001316318,0.800682152191439
627199.999925775,39798.9402686108,1.00000001323843,0.80044567235125
627299.999925751,39818.1211122199,1.00000001349468,0.80065479980286
627399.999925728,39837.3070671239,1.00000001330258,0.800687652198542
627499.999925705,39856.4990258833,1.00000001260824,0.800187127304931
627599.999925682,39875.6969215282,1.00000001279519,0.801082254804722
627699.999925658,39894.9007610997,1.00000001292027,0.801806472753302
627799.999925635,39914.1091448179,1.00000001282857,0.801407733945957
627899.999925612,39933.3211371643,1.0000000136606,0.801001175529372
627999.999925588,39952.5377469191,1.00000001321201,0.801490907914286
628099.999925565,39971.7588597032,1.00000001315291,0.800911014005394
628199.999925542,39990.984273548,1.00000001325715,0.800735181366112
628299.999925519,40010.2138305685,1.00000001304514,0.800715603648312
628399.999925495,40029.4484701838,1.00000001312175,0.800768799963639
628499.999925472,40048.6887722614,1.0000000132907,0.800955341321507
628599.999925449,40067.9334015021,1.00000001280796,0.80128232033722
628699.999925425,40087.182504609,1.00000001276177,0.801203582833581
628799.999925402,40106.4361647321,1.00000001310216,0.80035170539385
628899.999925379,40125.6962740113,1.00000001317883,0.800589543869912
628999.999925356,40144.9626020481,1.00000001295732,0.80021778597859
629099.999925332,40164.2351655362,1.00000001330434,0.799666358573384
629199.999925309,40183.5133609685,1.00000001313319,0.800465501166706
629299.999925286,40202.7978439014,1.00000001270813,0.800129806799795
629399.999925262,40222.0886692259,1.00000001349759,0.800174175615888
629499.999925239,40241.3847420071,1.00000001306511,0.800081020620517
629599.999925216,40260.6861948989,1.00000001311015,0.801017858044864
629699.999925193,40279.9925051987,1.0000000132794,0.801932768852589
629799.999925169,40299.3042026465,1.00000001269125,0.801291118172999
629899.999925146,40318.6213813064,1.00000001279032,0.800841462332139
629999.999925123,40337.9442658229,1.00000001290091,0.801353240329723
630099.999925099,40357.2725351512,1.00000001303618,0.801047384417174
630199.999925076,40376.6061461445,1.00000001365973,0.800334850151375
630299.999925053,40395.9457585677,1.00000001274463,0.799528831901157
630399.99992503,40415.2912161291,1.00000001300308,0.800421454919403
630499.999925006,40434.6409697681,1.000000013199,0.801059493689189
630599.999924983,40453.9959937762,1.0000000129522,0.801141993146576
630699.99992496,40473.3550919652,1.00000001332627,0.801034720604658
630799.999924936,40492.7194975801,1.00000001320011,0.8007068327234
630899.999924913,40512.0890792534,1.00000001308092,0.801530598478978
630999.99992489,40531.4640393352,1.00000001322811,0.800894785966356
631099.999924867,40550.8441746363,1.00000001305988,0.800581586857072
631199.999924843,40570.2304784289,1.00000001343215,0.800652546172905
631299.99992482,40589.6219299189,1.00000001280178,0.800509930889947
631399.999924797,40609.0179805204,1.00000001331935,0.800996540978913
631499.999924773,40628.4185143089,1.00000001307362,0.800591629541137
631599.99992475,40647.8254266107,1.00000001311642,0.800008141916939
631699.999924727,40667.2385137409,1.00000001328181,0.800223241613802
631799.999924704,40686.656803988,1.0000000127176,0.80122689019282
631899.99992468,40706.0796546436,1.00000001298252,0.801804365539904
631999.999924657,40725.5064975161,1.00000001337311,0.801678052214182
632099.999924634,40744.9385615128,1.00000001342999,0.800709058624708
632199.99992461,40764.3748646692,1.00000001332068,0.800370957534151
632299.999924587,40783.8160344035,1.00000001315391,0.800618409884509
632399.999924564,40803.2610098291,1.00000001294328,0.801871128751143
632499.999924541,40822.7096569249,1.00000001319992,0.801493920467981
632599.999924517,40842.1633841257,1.00000001311968,0.801465823469848
632699.999924494,40861.6222692107,1.00000001300396,0.801580696804385
632799.999924471,40881.0856528561,1.00000001298197,0.801963326523335
632899.999924448,40900.5536868482,1.00000001348745,0.80157506217799
632999.999924424,40920.0264923363,1.00000001296255,0.801763328672375
633099.999924401,40939.5043477052,1.00000001313937,0.800779284955407
633199.999924378,40958.987109691,1.00000001348962,0.800903383289791
633299.999924354,40978.4747561053,1.00000001315417,0.8011037461801
633399.999924331,40997.9673627978,1.00000001304848,0.801234179111494
633499.999924308,41017.4656433541,1.00000001316615,0.801582438573384
633599.999924285,41036.9692954571,1.00000001306822,0.801242352757752
633699.999924261,41056.4790094352,1.00000001326248,0.800842528259515
633799.999924238,41075.9939211114,1.00000001322009,0.800789758538192
633899.999924215,41095.5131856685,1.00000001337762,0.801087620933502
633999.999924191,41115.0377620765,1.0000000135212,0.801003918587533
634099.999924168,41134.5687464214,1.00000001328172,0.800330737578595
634199.999924145,41154.1063101983,1.00000001328897,0.800167033898669
634299.999924122,41173.6512059837,1.00000001333429,0.800457245912707
634399.999924098,41193.2026985117,1.00000001340086,0.800408769170303
634499.999924075,41212.7613652287,1.00000001267338,0.800555862375592
634599.999924052,41232.3263861475,1.00000001308131,0.800661358708634
634699.999924028,41251.8972708859,1.00000001355221,0.80048723362093
634799.999924005,41271.4738831875,1.00000001349791,0.800713705174456
634899.999923982,41291.0559160534,1.00000001297941,0.800958915815377
634999.999923959,41310.6441514281,1.00000001293884,0.800122833930675
635099.999923935,41330.2373607843,1.00000001311183,0.800295327221261
635199.999923912,41349.8364132646,1.00000001330424,0.80058368535035
635299.999923889,41369.4408399718,1.0000000132384,0.8011214947803
635399.999923865,41389.0503113409,1.0000000128303,0.801473509792289
635499.999923842,41408.6647506602,1.00000001298475,0.801120220820786
635599.999923819,41428.2838710876,1.00000001323558,0.801099966733996
635699.999923796,41447.9090781799,1.00000001311652,0.80071129539813
635799.999923772,41467.5407107572,1.00000001329166,0.800372069940888
635899.999923749,41487.1790414258,1.00000001352742,0.801013302775748
635999.999923726,41506.8229416859,1.00000001340232,0.800960868586269
636099.999923702,41526.4730090712,1.00000001309494,0.800909973138789
636199.999923679,41546.1290722495,1.00000001353397,0.800795981006895
636299.999923656,41565.7911186982,1.00000001358162,0.801065018099917
636399.999923633,41585.4583124179,1.00000001329196,0.801958836654848
636499.999923609,41605.1302690751,1.00000001291011,0.801859365218662
636599.999923586,41624.8075197188,1.00000001286055,0.801708061095712
636699.999923563,41644.4907481019,1.00000001310379,0.801058842576385
636799.999923539,41664.1805086076,1.00000001343186,0.800723644150584
636899.999923516,41683.8748585238,1.00000001294763,0.801251940817795
636999.999923493,41703.5736903324,1.0000000137175,0.801405495717799
637099.99992347,41723.2773384978,1.00000001331726,0.801296135036113
637199.999923446,41742.9862602013,1.00000001348363,0.801237020747683
637299.999923423,41762.7009806767,1.00000001342696,0.801585157217918
637399.9999234,41782.4213413248,1.00000001315749,0.801504511127447
637499.999923376,41802.1461710122,1.00000001281465,0.801985595035059
637599.999923353,41821.8764510175,1.00000001287274,0.801692067360953
637699.99992333,41841.6129314948,1.00000001303779,0.801437528794887
637799.999923307,41861.3554005218,1.00000001280703,0.801611028592671
637899.999923283,41881.1030327997,1.00000001346232,0.802107710669998
637999.99992326,41900.8555026745,1.00000001341615,0.80235437334831
638099.999923237,41920.6129140364,1.00000001324131,0.802492032673973
638199.999923214,41940.3752655707,1.0000000131214,0.801897201406154
638299.99992319,41960.1418610332,1.00000001323224,0.801378862921862
638399.999923167,41979.9130761125,1.00000001349614,0.801529997127375
638499.999923144,41999.689727998,1.00000001304893,0.801164700374064
638599.99992312,42019.4721761825,1.0000000137387,0.801252046271304
638699.999923097,42039.2599906499,1.0000000135073,0.802179938010353
638799.999923074,42059.0524325944,1.00000001299751,0.801803654802074
638899.999923051,42078.8497172008,1.00000001324888,0.801151726614293
638999.999923027,42098.6523161104,1.00000001327908,0.801435676225481
639099.999923004,42118.4603037075,1.00000001352031,0.801430601834448
639199.999922981,42138.2735038697,1.00000001356224,0.801296697603052
639299.999922957,42158.0922896344,1.00000001340084,0.801547940178486
639399.999922934,42177.9177047666,1.00000001350091,0.800951757867821
639499.999922911,42197.7491377776,1.00000001313746,0.80116249793429
639599.999922888,42217.5863231769,1.00000001335356,0.801259506365372
639699.999922864,42237.4289079332,1.00000001333492,0.801043383022289
639799.999922841,42257.2779606352,1.00000001298624,0.801851771581
639899.999922818,42277.1331609835,1.00000001325198,0.80200965076971
639999.999922794,42296.9945073025,1.00000001325861,0.801637398830776
640099.999922771,42316.861936217,1.00000001333749,0.801919009171236
640199.999922748,42336.7350219033,1.00000001320808,0.801595752646472
640299.999922725,42356.6141673263,1.00000001351617,0.800896707269353
640399.999922701,42376.4987747452,1.00000001341743,0.800330919365169
640499.999922678,42396.3886516172,1.00000001307906,0.800599336841431
640599.999922655,42416.2845273254,1.00000001313744,0.800747188602713
640699.999922631,42436.186228694,1.00000001315034,0.801496718833971
640799.999922608,42456.0935732715,1.00000001331078,0.80221575076285
640899.999922585,42476.0059321944,1.00000001346525,0.802316862428379
640999.999922562,42495.9238032049,1.00000001293389,0.802184586217453
641099.999922538,42515.8475997876,1.00000001353866,0.80225837650229
641199.999922515,42535.7768635121,1.00000001308985,0.802311046027573
641299.999922492,42555.7117058914,1.00000001305417,0.802127563602726
641399.999922468,42575.6520618952,1.0000000129451,0.802100211099651
641499.999922445,42595.5983625584,1.00000001322684,0.802956307999753
641599.999922422,42615.5498022979,1.00000001339466,0.802076701468365
641699.999922399,42635.5070299888,1.0000000135079,0.802377722585504
641799.999922375,42655.4696683606,1.000000013326,0.802630281897578
641899.999922352,42675.4369427538,1.00000001356606,0.802498679931286
641999.999922329,42695.4098543927,1.00000001322828,0.801953213604197
642099.999922305,42715.387160665,1.00000001312374,0.802192360636263
642199.999922282,42735.3695435069,1.00000001321565,0.802232903385922
642299.999922259,42755.3565452388,1.00000001302814,0.801957933012714
642399.999922236,42775.349047825,1.00000001341833,0.802082838806666
642499.999922212,42795.3464764217,1.00000001359324,0.802896001442568
642599.999922189,42815.3486586153,1.00000001382409,0.802818325224524
642699.999922166,42835.3554908261,1.00000001361261,0.802137412910362
642799.999922142,42855.3684960935,1.00000001324387,0.802018564406572
642899.999922119,42875.3878850136,1.00000001338132,0.801943185954633
642999.999922096,42895.4135573529,1.00000001343106,0.802189440189183
643099.999922073,42915.4440726983,1.00000001352916,0.802788043606312
643199.999922049,42935.4792142596,1.00000001304472,0.801993111323364
643299.999922026,42955.5200887766,1.0000000133515,0.802077216288686
643399.999922003,42975.5665599458,1.00000001323407,0.802442308883142
643499.999921979,42995.6169824007,1.00000001326427,0.80306104659123
643599.999921956,43015.6714362968,1.00000001333806,0.802758489253146
643699.999921933,43035.7298163283,1.00000001347006,0.80273343572739
643799.99992191,43055.792750779,1.00000001280164,0.802886492272637
643899.999921886,43075.8592368807,1.00000001367833,0.803110890962853
643999.999921863,43095.9294635672,1.0000000134223,0.803081783257821
644099.99992184,43116.0030103271,1.00000001337301,0.802851955038351
644199.999921817,43136.0823694673,1.00000001355624,0.802745563880983
644299.999921793,43156.168183706,1.00000001352183,0.802303517206487
644399.99992177,43176.2598423164,1.00000001316043,0.802805959877977
644499.999921747,43196.3559946212,1.00000001353909,0.803024746792865
644599.999921723,43216.4571927154,1.00000001349757,0.802526306172881
644699.9999217,43236.5646144852,1.00000001349961,0.802577903019415
644799.999921677,43256.6788776712,1.00000001369151,0.802331847284312
644899.999921654,43276.7997167847,1.00000001303965,0.802138030419658
644999.99992163,43296.9264729577,1.0000000135719,0.803166705757568
645099.999921607,43317.0582493418,1.00000001354426,0.802873951616635
645199.999921584,43337.1952870492,1.00000001362227,0.802441831134082
645299.99992156,43357.3376572959,1.00000001345845,0.802742288167793
645399.999921537,43377.4852384772,1.00000001326482,0.803468690130247
645499.999921514,43397.6378887552,1.00000001349256,0.802863309047742
645599.999921491,43417.7947009465,1.00000001367461,0.802146123479082
645699.999921467,43437.9563664682,1.0000000136163,0.802030002927179
645799.999921444,43458.1230971958,1.00000001348432,0.801854325032137
645899.999921421,43478.2950556119,1.00000001330577,0.801856745676017
645999.999921397,43498.4721415783,1.00000001336807,0.802235873818299
646099.999921374,43518.6552604866,1.00000001338823,0.802243166889333
646199.999921351,43538.8440409333,1.00000001319117,0.802155397648999
646299.999921328,43559.0383111836,1.00000001359134,0.802016097780845
646399.999921304,43579.2376088396,1.00000001308942,0.802731458623596
646499.999921281,43599.4416032369,1.00000001321236,0.8030071958723
646599.999921258,43619.6506519697,1.00000001351996,0.803064871684394
646699.999921234,43639.8653181447,1.00000001355755,0.80309749008761
646799.999921211,43660.0851784402,1.00000001327115,0.802713385584871
646899.999921188,43680.3106205428,1.00000001317531,0.802559766390062
646999.999921165,43700.5416602253,1.00000001358151,0.802251457741753
647099.999921141,43720.7782075029,1.00000001345028,0.802887131908011
647199.999921118,43741.0197080488,1.00000001312604,0.803155551118647
647299.999921095,43761.2661163043,1.00000001344815,0.802519266520767
647399.999921071,43781.5174656898,1.00000001401198,0.802800208740325
647499.999921048,43801.7741981975,1.00000001350621,0.803141596024498
647599.999921025,43822.0360519414,1.0000000138753,0.802460538865332
647699.999921002,43842.3016545442,1.00000001335919,0.803335954059996
647799.999920978,43862.5712931331,1.00000001329583,0.803535217456942
647899.999920955,43882.8458902832,1.00000001306712,0.803010963720265
647999.999920932,43903.126194559,1.00000001364057,0.80272151296993
648099.999920908,43923.411602943,1.00000001350816,0.8031396673147
648199.999920885,43943.7029565964,1.00000001370423,0.802496816870823
648299.999920862,43963.9998327582,1.00000001377679,0.801963620115469
648399.999920839,43984.302629934,1.00000001340559,0.801832921239519
648499.999920815,44004.6104209328,1.00000001352829,0.802260061264562
648599.999920792,44024.9231568382,1.00000001320918,0.802820187870259
648699.999920769,44045.2403260756,1.00000001345065,0.802592899601252
648799.999920745,44065.5623924116,1.00000001331262,0.802541200338012
648899.999920722,44085.8897869794,1.00000001333834,0.802527178000338
648999.999920699,44106.2215561827,1.00000001355878,0.802339914635586
649099.999920676,44126.5581975783,1.00000001361334,0.802227337197532
649199.999920652,44146.8997295912,1.00000001364141,0.803236905238279
649299.999920629,44167.2465806406,1.00000001372033,0.803520174782342
649399.999920606,44187.5992519037,1.00000001299194,0.803564051135796
649499.999920583,44207.9582362876,1.0000000134111,0.803305838834526
649599.999920559,44228.3244489482,1.00000001378775,0.80249287854323
649699.999920536,44248.6985948573,1.00000001329292,0.803258845756196
649799.999920513,44269.0801756321,1.00000001354153,0.803757918296853
649899.999920489,44289.4673730605,1.0000000135473,0.803620811032499
649999.999920466,44309.8592290199,1.00000001342224,0.80371768760287
650099.999920443,44330.2560330334,1.00000001332808,0.803786796821264
650199.99992042,44350.6577832807,1.00000001351839,0.803330965749632
650299.999920396,44371.0653588667,1.00000001381576,0.80353556573242
650399.999920373,44391.4784283578,1.00000001345215,0.803067092130956
650499.99992035,44411.8976019065,1.00000001337933,0.803360929480708
650599.999920326,44432.322924189,1.00000001330137,0.803220690953879
650699.999920303,44452.7536866782,1.00000001363044,0.802721702508267
650799.99992028,44473.1897442423,1.00000001349418,0.80263094665589
650899.999920257,44493.6303883925,1.00000001357477,0.803097198313118
650999.999920233,44514.0754537478,1.000000013272,0.802544393974288
651099.99992021,44534.5258989316,1.00000001322661,0.803351785007467
651199.999920187,44554.9816543448,1.00000001316344,0.802966319316268
651299.999920163,44575.4428501731,1.00000001335686,0.803030861172227
651399.99992014,44595.9096551478,1.00000001371761,0.803337071076994
651499.999920117,44616.3822205341,1.00000001335694,0.803501733227398
651599.999920094,44636.8598585398,1.00000001394071,0.802536980736697
651699.99992007,44657.3433057391,1.00000001328974,0.802157529603382
651799.999920047,44677.8325768349,1.00000001326567,0.801747485944131
651899.999920024,44698.3276810676,1.00000001337742,0.802344634207375
651999.99992,44718.8285440923,1.00000001340328,0.80232569948799
652099.999919977,44739.3354632038,1.00000001371046,0.802817909704134
652199.999919954,44759.8484505609,1.00000001356357,0.802591048593779
652299.999919931,44780.3674410089,1.00000001314695,0.802237122352995
652399.999919907,44800.8916345743,1.00000001336745,0.802204524126401
652499.999919884,44821.4219885004,1.00000001365313,0.802331024034944
652599.999919861,44841.9585256677,1.00000001344945,0.802898896898579
652699.999919837,44862.5011382574,1.00000001325943,0.802684389124082
652799.999919814,44883.0494891924,1.00000001350063,0.803033256285405
652899.999919791,44903.6028563813,1.00000001342392,0.802781220979953
652999.999919768,44924.1620059477,1.00000001336022,0.803406577195691
653099.999919744,44944.7273054353,1.00000001364865,0.803886676254893
653199.999919721,44965.2983314352,1.00000001345841,0.803410476823686
653299.999919698,44985.8752518685,1.00000001405972,0.803376178430521
653399.999919674,45006.457628623,1.0000000133279,0.802624926873145
653499.999919651,45027.0449768528,1.00000001318556,0.803537680339204
653599.999919628,45047.6376410179,1.00000001329811,0.803757044391237
653699.999919605,45068.2347539169,1.00000001326033,0.803125773835368
653799.999919581,45088.8371119315,1.00000001349112,0.80291360226658
653899.999919558,45109.4444492337,1.00000001346222,0.802606994268873
653999.999919535,45130.0568391432,1.00000001358667,0.802122583610787
654099.999919511,45150.6734155921,1.00000001361454,0.803245281180402
654199.999919488,45171.2940386345,1.0000000133551,0.803144835521728
654299.999919465,45191.9200170496,1.00000001373156,0.803582285371118
654399.999919442,45212.5512842991,1.00000001393993,0.803232865641507
654499.999919418,45233.1882941503,1.00000001345388,0.803060052774565
654599.999919395,45253.8312992008,1.00000001334249,0.802616023534345
654699.999919372,45274.4809235383,1.00000001368168,0.803886506390065
654799.999919349,45295.1357102757,1.00000001337783,0.803768090921662
654899.999919325,45315.7950293391,1.00000001345288,0.80376938231976
654999.999919302,45336.4592871901,1.00000001358516,0.803951150606811
655099.999919279,45357.1294893609,1.00000001331534,0.803288151529984
655199.999919255,45377.8051282936,1.00000001336083,0.803910693850433
655299.999919232,45398.4868357078,1.0000000138832,0.803654247866613
655399.999919209,45419.1746148933,1.00000001385045,0.803322022694182
655499.999919186,45439.8690584528,1.00000001386822,0.803252173724341
655599.999919162,45460.5696424693,1.0000000134577,0.803934778406626
655699.999919139,45481.2764743555,1.00000001325786,0.803915509595164
655799.999919116,45501.9897259183,1.00000001358611,0.804246071888009
655899.999919092,45522.7085003931,1.00000001348248,0.80436307822019
655999.999919069,45543.432086956,1.00000001317465,0.803824914288541
656099.999919046,45564.1609773165,1.00000001375003,0.803504757424176
656199.999919023,45584.8961195311,1.00000001343788,0.802376597907809
656299.999918999,45605.6376191019,1.00000001363964,0.802064940768619
656399.999918976,45626.3837294314,1.00000001328722,0.802926490602337
656499.999918953,45647.1344341835,1.00000001337754,0.802910201970877
656599.999918929,45667.8905140991,1.00000001366655,0.803148612355292
656699.999918906,45688.6522552295,1.00000001323284,0.803615507804991
656799.999918883,45709.4197248606,1.00000001359025,0.803592585166234
656899.99991886,45730.1929619243,1.00000001311838,0.804257770909296
656999.999918836,45750.9712972875,1.00000001346058,0.803990325799037
657099.999918813,45771.7544119865,1.00000001375231,0.804236060717304
657199.99991879,45792.5411889946,1.00000001343379,0.804890321048891
657299.999918766,45813.3327109331,1.00000001351487,0.803800611589591
657399.999918743,45834.1292108475,1.00000001389995,0.803903732594424
657499.99991872,45854.9314092433,1.00000001368787,0.803796439080887
657599.999918697,45875.7396492826,1.00000001348196,0.803067677311267
657699.999918673,45896.5537044142,1.00000001363021,0.803328188614736
657799.99991865,45917.3735832296,1.00000001389019,0.803669549857923
657899.999918627,45938.1993821842,1.00000001389634,0.804006097514514
657999.999918603,45959.0300807325,1.00000001351999,0.803763149841261
658099.99991858,45979.8658581145,1.00000001383337,0.80343122452695
658199.999918557,46000.7073064529,1.00000001374761,0.803155860610887
658299.999918534,46021.5542122994,1.00000001331877,0.80290855244964
658399.99991851,46042.4060990031,1.00000001330612,0.803319040791759
658499.999918487,46063.2626445543,1.00000001376658,0.803346276818811
658599.999918464,46084.123710182,1.0000000139966,0.803683313377243
658699.99991844,46104.9900296489,1.00000001329042,0.80404136319313
658799.999918417,46125.862155932,1.00000001330493,0.803554401712754
658899.999918394,46146.7412225302,1.0000000133549,0.803366775684048
658999.999918371,46167.6274699618,1.00000001347535,0.803419689630934
659099.999918347,46188.5203463101,1.0000000133798,0.802968371218065
659199.999918324,46209.4191525676,1.00000001376378,0.80289541000939
659299.999918301,46230.3243878299,1.00000001327013,0.802984681592292
659399.999918277,46251.2354636135,1.00000001368035,0.802940608328268
659499.999918254,46272.1534976905,1.00000001404161,0.802590588381085
659599.999918231,46293.0789344479,1.00000001341789,0.80318957991835
659699.999918208,46314.0112277619,1.00000001355528,0.803345414631481
659799.999918184,46334.9494972953,1.00000001374672,0.803236024354601
659899.999918161,46355.8932671086,1.00000001387775,0.803718811881144
659999.999918138,46376.842517254,1.00000001364004,0.803698672725994
660099.999918115,46397.7973878886,1.00000001365562,0.803411040049006
660199.999918091,46418.7588059443,1.00000001349188,0.803373124012237
660299.999918068,46439.7263061574,1.00000001367312,0.803456891320572
660399.999918045,46460.6993487498,1.00000001389014,0.803424146371425
660499.999918021,46481.6774549698,1.00000001376486,0.803405871743786
660599.999917998,46502.6612854989,1.00000001374332,0.803479758439828
660699.999917975,46523.6512600755,1.0000000136448,0.804023891184929
660799.999917952,46544.6472172407,1.00000001358001,0.804664777374265
660899.999917928,46565.649159386,1.00000001382585,0.804642801163702
660999.999917905,46586.6546002312,1.00000001368621,0.804894418344333
661099.999917882,46607.6644791029,1.00000001367612,0.803899879730988
661199.999917858,46628.6797346921,1.00000001297963,0.804161151701864
661299.999917835,46649.7004806203,1.00000001348132,0.804070096293653
661399.999917812,46670.7268125276,1.00000001363321,0.804865408928139
661499.999917789,46691.7576895209,1.00000001377123,0.804533690081843
661599.999917765,46712.7927894461,1.00000001373115,0.805205986754059
661699.999917742,46733.8313374564,1.00000001365768,0.805044874279087
661799.999917719,46754.8734370944,1.00000001354875,0.804852856891956
661899.999917695,46775.9185882265,1.0000000136486,0.804695429620572
661999.999917672,46796.9678166769,1.00000001338627,0.804996352210567
662099.999917649,46818.0214410995,1.00000001325747,0.804698444885443
662199.999917626,46839.0795965909,1.0000000138288,0.804411195895031
662299.999917602,46860.1419448777,1.00000001349302,0.804874630522973
662399.999917579,46881.2081831405,1.000000013363,0.804945775278881
662499.999917556,46902.2785637002,1.0000000136402,0.804456547985558
662599.999917532,46923.3536470401,1.00000001365689,0.803816143480774
662699.999917509,46944.4350639335,1.00000001374888,0.803782281037881
662799.999917486,46965.522779587,1.00000001342911,0.804176981001235
662899.999917463,46986.6176845903,1.0000000136337,0.804239362650501
662999.999917439,47007.7193877144,1.00000001409142,0.804308217592672
663099.999917416,47028.8275516767,1.00000001420394,0.804016343135134
663199.999917393,47049.9416405507,1.00000001377519,0.804150499304189
663299.999917369,47071.0614777383,1.00000001400647,0.80413344873097
663399.999917346,47092.1858879289,1.00000001368946,0.804124896616144
663499.999917323,47113.3147494618,1.00000001359805,0.804636097494965
663599.9999173,47134.4490506973,1.00000001413439,0.804692701171719
663699.999917276,47155.5886757328,1.00000001321859,0.805414856869383
663799.999917253,47176.7331549317,1.0000000136167,0.804724667198457
663899.99991723,47197.8831429018,1.00000001361097,0.80457652980251
663999.999917206,47219.0381814878,1.00000001345446,0.804523295260649
664099.999917183,47240.1990099261,1.00000001383986,0.804287507124211
664199.99991716,47261.3649882096,1.00000001373917,0.804637474522727
664299.999917137,47282.537263885,1.00000001385316,0.804126966855182
664399.999917113,47303.7156203521,1.00000001400953,0.804011057888813
664499.99991709,47324.8998511404,1.00000001377046,0.804302667431332
664599.999917067,47346.0899909247,1.00000001331748,0.803832027394994
664699.999917043,47367.2865939392,1.00000001357106,0.803768450955237
664799.99991702,47388.4897088687,1.00000001381293,0.804002710338675
664899.999916997,47409.6984118262,1.00000001367493,0.804348133702239
664999.999916974,47430.9129036457,1.00000001342189,0.804862334159886
665099.99991695,47452.1334749415,1.00000001341019,0.804251627988001
665199.999916927,47473.3595622763,1.0000000137172,0.803578584186433
665299.999916904,47494.5919227837,1.00000001370705,0.804150118613901
665399.999916881,47515.8311674247,1.00000001316246,0.804319878988182
665499.999916857,47537.0771837011,1.00000001387512,0.804282477082228
665599.999916834,47558.32916802,1.00000001362878,0.80441924898285
665699.999916811,47579.58669153,1.00000001342643,0.804161788160084
665799.999916787,47600.8499398964,1.00000001377638,0.804251981731738
665899.999916764,47622.1197016846,1.000000013974,0.804692178864828
665999.999916741,47643.3950059356,1.00000001402665,0.804350029965255
666099.999916718,47664.6753103734,1.00000001410265,0.804323376490001
666199.999916694,47685.9614607794,1.00000001287043,0.804393272786539
666299.999916671,47707.2531479774,1.00000001389172,0.80436109898291
666399.999916648,47728.550552655,1.00000001339583,0.803870441459269
666499.999916624,47749.8538521196,1.00000001343771,0.803960814523683
666599.999916601,47771.162419697,1.00000001355009,0.804075200846411
666699.999916578,47792.4769179185,1.00000001393739,0.803893557043335
666799.999916555,47813.7966777446,1.00000001355725,0.804768789682051
666899.999916531,47835.1212773757,1.00000001387543,0.804647672116313
666999.999916508,47856.4503319444,1.00000001390365,0.804542506530824
667099.999916485,47877.784079338,1.00000001365138,0.804550089011628
667199.999916461,47899.1221884349,1.00000001437951,0.805212419992574
667299.999916438,47920.4650870408,1.00000001343656,0.805211401337468
667399.999916415,47941.8130488927,1.0000000143894,0.804855362234438
667499.999916392,47963.1651424915,1.00000001383788,0.804999141297305
667599.999916368,47984.5210335683,1.00000001362289,0.804858920624502
667699.999916345,48005.8805115214,1.00000001338863,0.804719189933062
667799.999916322,48027.2434920827,1.00000001378698,0.805006139159305
667899.999916298,48048.6106755617,1.0000000134879,0.805237178257999
667999.999916275,48069.981559821,1.00000001365297,0.805280131056528
668099.999916252,48091.3564716465,1.00000001454348,0.804513467353438
668199.999916229,48112.7365487976,1.00000001338706,0.804429915980227
668299.999916205,48134.122747945,1.00000001409829,0.805355624110051
668399.999916182,48155.514898974,1.0000000134829,0.804780809198208
668499.999916159,48176.9129280444,1.00000001344489,0.805028523102317
668599.999916135,48198.3164724163,1.00000001352143,0.804824340001945
668699.999916112,48219.725271658,1.00000001390298,0.804598256860814
668799.999916089,48241.1397911845,1.00000001372811,0.804076183530126
668899.999916066,48262.5598981587,1.00000001334805,0.805062325690433
668999.999916042,48283.9849242998,1.00000001405931,0.804907807755114
669099.999916019,48305.4145335096,1.00000001348007,0.804110075822523
669199.999915996,48326.8492330821,1.00000001388881,0.804377506655719
669299.999915972,48348.2896736581,1.00000001367357,0.805584190729122
669399.999915949,48369.7359703935,1.00000001403623,0.805532229005914
669499.999915926,48391.188365568,1.00000001311185,0.805151402334242
669599.999915903,48412.6471600026,1.00000001406422,0.805253337704274
669699.999915879,48434.1124875452,1.00000001425596,0.8054940170406
669799.999915856,48455.5832692359,1.00000001361756,0.805311216003395
669899.999915833,48477.0595560562,1.00000001333666,0.804654035447954
669999.999915809,48498.5411018764,1.00000001390105,0.804164089356699
670099.999915786,48520.0279447603,1.00000001385901,0.804183727896365
670199.999915763,48541.520532068,1.0000000137836,0.804222723312655
670299.99991574,48563.0185713742,1.00000001398624,0.803943620054793
670399.999915716,48584.5211355068,1.00000001342653,0.80432988751417
670499.999915693,48606.0293563212,1.00000001312158,0.804571706204449
670599.99991567,48627.5433060603,1.00000001417082,0.804098189567501
670699.999915647,48649.0624829204,1.00000001377295,0.804890739987652
670799.999915623,48670.5871812953,1.0000000138233,0.805021284605088
670899.9999156,48692.1171889108,1.00000001390469,0.805214484439226
670999.999915577,48713.6522330442,1.00000001382937,0.805502783093383
671099.999915553,48735.1935177267,1.00000001378028,0.804848507926457
671199.99991553,48756.7412870459,1.00000001358008,0.80455607722515
671299.999915507,48778.2959352111,1.00000001382677,0.804655636854539
671399.999915484,48799.8561316944,1.00000001384139,0.804834932221488
671499.99991546,48821.4216596315,1.00000001384181,0.805394568674555
671599.999915437,48842.9926923015,1.00000001416395,0.805385771614185
671699.999915414,48864.5686739624,1.00000001363195,0.805183742423173
671799.99991539,48886.1505421363,1.00000001373492,0.804661213556308
671899.999915367,48907.7387145287,1.00000001376792,0.804409943700755
671999.999915344,48929.3329526207,1.00000001337326,0.804894289173348
672099.999915321,48950.93315875,1.00000001367924,0.805282754553368
672199.999915297,48972.5391917985,1.00000001388749,0.805368121184757
672299.999915274,48994.1501829321,1.0000000140542,0.805400641239835
672399.999915251,49015.7665028325,1.00000001395517,0.804961309183407
672499.999915227,49037.3892059924,1.00000001436291,0.805753586900747
672599.999915204,49059.0175715568,1.00000001360299,0.805983910088633
672699.999915181,49080.6510784465,1.00000001371953,0.805618845034747
672799.999915158,49102.2885167261,1.00000001345361,0.805487258454402
672899.999915134,49123.9318128876,1.00000001376835,0.805650242769636
672999.999915111,49145.5807000958,1.00000001387781,0.80557522072912
673099.999915088,49167.2351257416,1.00000001381998,0.805196233331466
673199.999915064,49188.8942482633,1.00000001347404,0.805174680444823
673299.999915041,49210.5585669015,1.0000000140399,0.805376882215122
673399.999915018,49232.2289047926,1.00000001376932,0.8056598237347
673499.999914995,49253.9052428291,1.00000001379462,0.805313968024933
673599.999914971,49275.5867250242,1.00000001381571,0.805151487201584
673699.999914948,49297.2726912936,1.00000001373082,0.804583825938296
673799.999914925,49318.9633843687,1.00000001396935,0.804830195102817
673899.999914901,49340.6588876743,1.00000001369406,0.805064548147019
673999.999914878,49362.359828268,1.00000001377176,0.804781958039541
674099.999914855,49384.0657126237,1.00000001383384,0.804918004330019
674199.999914832,49405.7773623945,1.00000001393205,0.805002534986682
674299.999914808,49427.4946745349,1.00000001416981,0.805188432628832
674399.999914785,49449.2176342194,1.00000001401125,0.80555314253168
674499.999914762,49470.9465258849,1.00000001380358,0.804759305687177
674599.999914738,49492.6830616503,1.00000001378146,0.804499727022651
674699.999914715,49514.4265886355,1.00000001390562,0.805309388383171
674799.999914692,49536.1759838997,1.00000001325162,0.805451447772842
674899.999914669,49557.9315442462,1.00000001386905,0.805275845883047
674999.999914645,49579.6928826918,1.00000001382805,0.805461868983095
675099.999914622,49601.4595556592,1.0000000140957,0.806659726460382
675199.999914599,49623.2314515008,1.00000001428308,0.806651340909136
675299.999914575,49645.0080611831,1.00000001361569,0.806308141624382
675399.999914552,49666.7897070437,1.00000001408105,0.806182326483697
675499.999914529,49688.5765252207,1.00000001406471,0.805935286636528
675599.999914506,49710.3688518642,1.0000000137144,0.805448709926681
675699.999914482,49732.1667446719,1.00000001373744,0.805408297844653
675799.999914459,49753.9704905804,1.00000001372099,0.80606463241889
675899.999914436,49775.7794512807,1.00000001391013,0.805760383806821
675999.999914413,49797.5925619068,1.00000001348901,0.805988446576861
676099.999914389,49819.4102985828,1.00000001391868,0.805775929500499
676199.999914366,49841.2335076893,1.00000001388282,0.805485500051695
676299.999914343,49863.0632048092,1.00000001381954,0.805495354630534
676399.999914319,49884.8985771196,1.00000001393678,0.805557511844096
676499.999914296,49906.7402395484,1.00000001384432,0.805804657530645
676599.999914273,49928.5879334162,1.00000001357333,0.805958623297737
676699.99991425,49950.4420639209,1.0000000138286,0.80533029654749
676799.999914226,49972.3024651656,1.00000001353959,0.805563636103575
676899.999914203,49994.1691809351,1.00000001407602,0.80564490854956
676999.99991418,50016.0399215318,1.00000001341408,0.806124528689648
677099.999914156,50037.9159726172,1.00000001402094,0.805650369364148
677199.999914133,50059.7970662331,1.00000001367598,0.80538080226769
677299.99991411,50081.6850224678,1.00000001389735,0.80554292664374
677399.999914087,50103.5787419964,1.00000001376371,0.805535497594749
677499.999914063,50125.4784968412,1.00000001395771,0.805792660789706
677599.99991404,50147.3848043705,1.00000001376113,0.805634866266056
677699.999914017,50169.2975258809,1.00000001356868,0.805757545540294
677799.999913993,50191.2159342083,1.00000001413297,0.806119854935115
677899.99991397,50213.1389805983,1.0000000139194,0.806021012795657
677999.999913947,50235.068968077,1.00000001401692,0.806031876116662
678099.999913924,50257.0053950491,1.00000001374935,0.806226433341322
678199.9999139,50278.9480734457,1.00000001375557,0.806372209563232
678299.999913877,50300.8969493224,1.00000001381661,0.805926830935864
678399.999913854,50322.8512586121,1.00000001386337,0.805654254629443
678499.99991383,50344.8111736816,1.00000001411895,0.806070168809218
678599.999913807,50366.7765797151,1.00000001376609,0.805431663617415
678699.999913784,50388.7477464655,1.00000001377916,0.80603001693636
678799.999913761,50410.7244688743,1.00000001356048,0.805681321332865
678899.999913737,50432.7070601964,1.00000001401316,0.805569483568666
678999.999913714,50454.6956219949,1.00000001369838,0.806530192253976
679099.999913691,50476.6888914694,1.00000001377754,0.806477894688296
679199.999913667,50498.687381295,1.00000001409639,0.805751061593971
679299.999913644,50520.6908809536,1.00000001438038,0.805971293568456
679399.999913621,50542.6991171091,1.00000001409894,0.805984042956811
679499.999913598,50564.7130188852,1.00000001379411,0.806084858493917
679599.999913574,50586.7319361438,1.00000001396147,0.806592289830357
679699.999913551,50608.7561651531,1.00000001382841,0.805986717859281
679799.999913528,50630.7871081706,1.00000001377949,0.806122290014147
679899.999913504,50652.8243671169,1.00000001414632,0.805562202556828
679999.999913481,50674.8673339068,1.00000001388822,0.80606623432001
680099.999913458,50696.9161410225,1.00000001385092,0.806705892200577
680199.999913435,50718.9699102777,1.00000001387066,0.806121437778183
680299.999913411,50741.0289550729,1.00000001385239,0.805750012360641
680399.999913388,50763.0942817089,1.0000000141596,0.806223769667774
680499.999913365,50785.1668573224,1.00000001392653,0.805714699836096
680599.999913341,50807.2462717067,1.00000001415857,0.806289922131858
680699.999913318,50829.3313172963,1.00000001384781,0.806160231780565
680799.999913295,50851.4215839435,1.00000001419691,0.805892214611276
680899.999913272,50873.5183057034,1.00000001356042,0.805491583348748
680999.999913248,50895.6226600037,1.00000001419946,0.804817756721933
681099.999913225,50917.7340216859,1.00000001360918,0.805453399879911
681199.999913202,50939.8505331993,1.00000001409458,0.806055644798603
681299.999913179,50961.9717886325,1.00000001371478,0.806045397411543
681399.999913155,50984.0983873537,1.00000001411036,0.806337287167895
681499.999913132,51006.2294122123,1.00000001416803,0.806143303901589
681599.999913109,51028.3649028394,1.00000001409733,0.805964619354765
681699.999913085,51050.5055027093,1.00000001384863,0.806122054579898
681799.999913062,51072.6511763837,1.00000001373156,0.806046322199481
681899.999913039,51094.8020826056,1.00000001378392,0.806353948334883
681999.999913016,51116.9573978756,1.00000001362496,0.806629329710429
682099.999912992,51139.1162771418,1.00000001397957,0.806527630880057
682199.999912969,51161.2792124706,1.00000001380892,0.807004284730351
682299.999912946,51183.4469553647,1.00000001367791,0.80623196490754
682399.999912922,51205.6192826946,1.00000001391756,0.805889553808103
682499.999912899,51227.7969590169,1.00000001361066,0.806170625479099
682599.999912876,51249.9803165582,1.00000001403004,0.806460757483547
682699.999912853,51272.168639904,1.00000001375358,0.806064146460411
682799.999912829,51294.3626326708,1.00000001419987,0.806316846650908
682899.999912806,51316.5611219372,1.00000001397756,0.806309480838686
682999.999912783,51338.7632778208,1.00000001406534,0.805703382403225
683099.999912759,51360.9696838106,1.0000000140931,0.806082262500334
683199.999912736,51383.1815747656,1.00000001362067,0.806112688868109
683299.999912713,51405.3987117137,1.00000001393894,0.807075618467574
683399.99991269,51427.6209648417,1.00000001412025,0.806587035955128
683499.999912666,51449.8488867334,1.0000000139945,0.806175153848943
683599.999912643,51472.0825379405,1.00000001419552,0.805914490144009
683699.99991262,51494.3231617015,1.00000001398775,0.806863100558377
683799.999912596,51516.5702528993,1.00000001388929,0.806917060982519
683899.999912573,51538.8223071156,1.00000001426506,0.806856815171905
683999.99991255,51561.0800587642,1.00000001443405,0.806046500752953
684099.999912527,51583.3436176799,1.00000001409777,0.80648518527812
684199.999912503,51605.6134260913,1.00000001367747,0.806574341180676
684299.99991248,51627.8894914848,1.0000000140487,0.806914358556589
684399.999912457,51650.1706620366,1.0000000140262,0.806892952965452
684499.999912433,51672.4560281838,1.00000001386828,0.806851179393823
684599.99991241,51694.7466213886,1.00000001396174,0.806077518367701
684699.999912387,51717.0434669457,1.00000001399693,0.805780851568932
684799.999912364,51739.3462507579,1.00000001409605,0.805776364398442
684899.99991234,51761.6553622501,1.00000001356015,0.806198796058166
684999.999912317,51783.9709016906,1.00000001405288,0.806285902980908
685099.999912294,51806.2931304962,1.00000001386049,0.807068170841617
685199.99991227,51828.6205616857,1.00000001400243,0.807126968528742
685299.999912247,51850.9523435746,1.00000001401378,0.806768467712928
685399.999912224,51873.2900136784,1.00000001379274,0.80648744693312
685499.999912201,51895.6341381886,1.00000001380946,0.806193918402512
685599.999912177,51917.9856284683,1.00000001358694,0.806158598190827
685699.999912154,51940.3437907834,1.00000001394732,0.8066383700708
685799.999912131,51962.7067067122,1.0000000141659,0.806895230989424
685899.999912107,51985.0730477109,1.00000001397643,0.806946714962379
685999.999912084,52007.4441798462,1.00000001403468,0.806960752157072
686099.999912061,52029.8205956028,1.00000001383997,0.806483547268243
686199.999912038,52052.2028546337,1.00000001445292,0.806848955677037
686299.999912014,52074.5899036458,1.00000001400438,0.806970790239451
686399.999911991,52096.9818039794,1.00000001425589,0.806832211757182
686499.999911968,52119.378795895,1.00000001408743,0.807157228483278
686599.999911944,52141.7817546298,1.00000001377844,0.806807965297252
686699.999911921,52164.1903490031,1.00000001391226,0.806415635169126
686799.999911898,52186.6036944181,1.00000001392151,0.806155189236468
686899.999911875,52209.0225892347,1.00000001425697,0.807031085728611
686999.999911851,52231.4471786582,1.0000000135862,0.80671346048887
687099.999911828,52253.8778821012,1.00000001429099,0.806877469492531
687199.999911805,52276.3153409023,1.00000001386292,0.806433229061333
687299.999911782,52298.7591483949,1.00000001421039,0.80644096897473
687399.999911758,52321.2103947026,1.0000000139241,0.807021258215653
687499.999911735,52343.6681993268,1.00000001424289,0.806612026218363
687599.999911712,52366.1318884493,1.00000001403676,0.806789698277512
687699.999911688,52388.6024977823,1.00000001391202,0.806894172831092
687799.999911665,52411.0795239994,1.00000001422266,0.806222407639419
687899.999911642,52433.5633553401,1.00000001368214,0.806349304988125
687999.999911619,52456.0528547617,1.00000001419908,0.806313576981498
688099.999911595,52478.546607099,1.00000001454698,0.807096960878363
688199.999911572,52501.0447711461,1.0000000138143,0.807366081781872
688299.999911549,52523.5474377627,1.00000001430653,0.806980256276445
688399.999911525,52546.0545948486,1.00000001375586,0.806902033786466
688499.999911502,52568.5668376129,1.00000001389317,0.806888101152661
688599.999911479,52591.0847128361,1.00000001445443,0.80639738931744
688699.999911456,52613.607904905,1.00000001425821,0.807139974908193
688799.999911432,52636.136276617,1.00000001461282,0.806367711321659
688899.999911409,52658.6705710417,1.00000001421081,0.806438171253064
688999.999911386,52681.2097995527,1.00000001379222,0.806513436263902
689099.999911362,52703.7545978711,1.00000001374701,0.805966179454046
689199.999911339,52726.3046760603,1.00000001365753,0.806236232011426
689299.999911316,52748.8605347305,1.0000000140721,0.806189740375258
689399.999911293,52771.4211304406,1.00000001407139,0.80638934490172
689499.999911269,52793.98609678,1.00000001434759,0.806388009412373
689599.999911246,52816.5559633781,1.00000001431493,0.806568343140794
689699.999911223,52839.1314700998,1.00000001443983,0.807256897714111
689799.999911199,52861.7117269933,1.00000001439839,0.807127276354199
689899.999911176,52884.2978674418,1.00000001458185,0.80636511395239
689999.999911153,52906.8906913582,1.00000001386934,0.806254218911983
690099.99991113,52929.4906345478,1.00000001374882,0.806498521219144
690199.999911106,52952.0971788014,1.00000001405739,0.806717324375388
690299.999911083,52974.7099881699,1.00000001413055,0.806407694071372
690399.99991106,52997.3283679978,1.00000001403764,0.806955919085215
690499.999911036,53019.9523282296,1.00000001426091,0.807038701645255
690599.999911013,53042.582008521,1.00000001402909,0.806551718253388
690699.99991099,53065.2189156293,1.00000001400733,0.806931521195352
690799.999910967,53087.862305872,1.0000000141605,0.807232881271446
690899.999910943,53110.5118803937,1.00000001399539,0.80790993813706
690999.99991092,53133.1671073622,1.0000000136437,0.806852454083437
691099.999910897,53155.829454589,1.0000000135342,0.806580627426787
691199.999910873,53178.4986618615,1.00000001403145,0.806682251069874
691299.99991085,53201.1741358649,1.00000001401056,0.806989686115524
691399.999910827,53223.8551656834,1.00000001413338,0.807086387456458
691499.999910804,53246.5417289677,1.00000001403792,0.806807245781189
691599.99991078,53269.2327967887,1.00000001430875,0.806760471268645
691699.999910757,53291.9286038893,1.00000001401394,0.807085719253254
691799.999910734,53314.6298992041,1.00000001388614,0.807530400375505
691899.99991071,53337.3366660233,1.00000001431966,0.80782296715348
691999.999910687,53360.0477006708,1.00000001409368,0.807281710462268
692099.999910664,53382.7650380318,1.00000001393302,0.807133875330243
692199.999910641,53405.488298572,1.00000001404739,0.807682774292964
692299.999910617,53428.2166837889,1.00000001365815,0.807863881052568
692399.999910594,53450.9504384654,1.00000001417588,0.807242665202781
692499.999910571,53473.6897036816,1.0000000140929,0.807989533427639
692599.999910548,53496.4354835456,1.000000013785,0.807748160001485
692699.999910524,53519.1878100775,1.00000001382739,0.807527919955527
692799.999910501,53541.945430712,1.00000001397604,0.807171236531631
692899.999910478,53564.7084381764,1.00000001393009,0.807537079597414
692999.999910454,53587.476730693,1.00000001422804,0.8075536446291
693099.999910431,53610.2503887025,1.00000001407481,0.807461943976874
693199.999910408,53633.0276293405,1.00000001399745,0.807865279217133
693299.999910385,53655.8086200718,1.000000014221,0.80785182470548
693399.999910361,53678.5958457974,1.00000001410106,0.80764218600018
693499.999910338,53701.3898345488,1.00000001401392,0.807631127645144
693599.999910315,53724.1903755253,1.00000001408826,0.807254472999865
693699.999910291,53746.9964779071,1.00000001404805,0.806799167386411
693799.999910268,53769.8071725231,1.00000001416892,0.80710225362449
693899.999910245,53792.6232141952,1.00000001418891,0.807402017021748
693999.999910222,53815.4455288674,1.00000001426242,0.807835042675326
694099.999910198,53838.2741153166,1.00000001466368,0.807368844615317
694199.999910175,53861.1075304035,1.00000001389892,0.807520522854364
694299.999910152,53883.9467042002,1.00000001420749,0.807785945059181
694399.999910128,53906.7905872936,1.00000001388198,0.807579852912867
694499.999910105,53929.6393872674,1.00000001429064,0.807906050142539
694599.999910082,53952.4927744879,1.00000001389858,0.807750787336049
694699.999910059,53975.3505770751,1.00000001453161,0.807841674391525
694799.999910035,53998.2142531201,1.00000001395411,0.806974752853135
694899.999910012,54021.0837207206,1.00000001449538,0.806824021948544
694999.999909989,54043.9590814049,1.00000001390379,0.807371036912539
695099.999909965,54066.839988407,1.00000001421061,0.806892130989993
695199.999909942,54089.7266197277,1.00000001429252,0.808039383811984
695299.999909919,54112.618764814,1.00000001457081,0.808071536321667
695399.999909896,54135.5157362124,1.00000001433643,0.808442113298896
695499.999909872,54158.4174500373,1.00000001433631,0.808052568693187
695599.999909849,54181.3237175299,1.00000001416846,0.807624427807298
695699.999909826,54204.2363292853,1.00000001441182,0.80741919461507
695799.999909802,54227.1558062314,1.00000001364228,0.807555870636741
695899.999909779,54250.0811546165,1.00000001422892,0.807163102584884
695999.999909756,54273.0124302012,1.00000001393284,0.80699642239067
696099.999909733,54295.9488629468,1.00000001414058,0.807329808988465
696199.999909709,54318.8907161799,1.00000001454553,0.806857298588075
696299.999909686,54341.8383562134,1.00000001394325,0.807325882309283
696399.999909663,54364.7917818764,1.00000001453844,0.807081810430206
696499.999909639,54387.7506517513,1.00000001424984,0.806759175165372
696599.999909616,54410.7158614957,1.00000001412061,0.807652505341432
696699.999909593,54433.6878429369,1.00000001431594,0.807307305341251
696799.99990957,54456.6656047393,1.00000001435484,0.807739880143398
696899.999909546,54479.649527883,1.00000001429236,0.807873362821357
696999.999909523,54502.6389710961,1.00000001423176,0.806980515079848
697099.9999095,54525.6341454015,1.00000001413129,0.807134126048025
697199.999909476,54548.636131896,1.00000001433704,0.807007982060685
697299.999909453,54571.645730707,1.00000001388114,0.807368952880522
697399.99990943,54594.6624279632,1.00000001461998,0.807524773837447
697499.999909407,54617.685874832,1.00000001420751,0.808271100175682
697599.999909383,54640.7152075012,1.00000001418118,0.807985712400165
697699.99990936,54663.7502995988,1.0000000141793,0.808289697620857
697799.999909337,54686.790594751,1.00000001413412,0.807670348546115
697899.999909314,54709.8354972432,1.0000000142712,0.80765366217495
697999.99990929,54732.885029104,1.00000001415894,0.807503919627312
698099.999909267,54755.9393420291,1.00000001443114,0.807258317467711
698199.999909244,54778.9991408378,1.00000001373746,0.807807844564289
698299.99990922,54802.0644895348,1.00000001424058,0.807605381257569
698399.999909197,54825.1354567137,1.00000001410728,0.807566856596624
698499.999909174,54848.2127136405,1.00000001391313,0.807725340932957
698599.999909151,54871.2959045328,1.00000001374382,0.806728133144723
698699.999909127,54894.3847911152,1.0000000138136,0.806816733702666
698799.999909104,54917.4798534557,1.00000001439635,0.807291841515647
698899.999909081,54940.5796812143,1.00000001468041,0.808190877063456
698999.999909057,54963.6846672466,1.00000001420747,0.808253256011758
699099.999909034,54986.7950812878,1.0000000141913,0.807938627150226
699199.999909011,55009.9114091279,1.00000001419906,0.808053987037354
699299.999908988,55033.0325598452,1.00000001394266,0.808269649408972
699399.999908964,55056.1573263195,1.00000001369065,0.807971210773509
699499.999908941,55079.2877261846,1.0000000139031,0.807831671626776
699599.999908918,55102.4236028419,1.00000001429783,0.807345631588138
699699.999908894,55125.5649138852,1.00000001380199,0.807688111654482
699799.999908871,55148.7115893303,1.00000001430269,0.807881392853332
699899.999908848,55171.8633391481,1.00000001416948,0.807834263616442
699999.999908825,55195.0218908654,1.000000013767,0.807313512988019
700099.999908801,55218.1872489534,1.00000001429668,0.807424084847721
700199.999908778,55241.3587371087,1.00000001434838,0.807708877589465
700299.999908755,55264.5351354605,1.00000001415306,0.807784577127027
700399.999908731,55287.7168445627,1.00000001408237,0.807707095288037
700499.999908708,55310.9038812895,1.00000001408707,0.807737603175207
700599.999908685,55334.0969349567,1.00000001339404,0.807633490688349
700699.999908662,55357.2955435815,1.00000001428808,0.80763788296651
700799.999908638,55380.4990519436,1.00000001429986,0.808182427545589
700899.999908615,55403.7075888723,1.00000001404573,0.807956517384055
700999.999908592,55426.9203442062,1.00000001411094,0.808025410356993
701099.999908568,55450.1376308849,1.00000001402883,0.808215385542232
701199.999908545,55473.3593479783,1.00000001393569,0.808463832822625
701299.999908522,55496.5871964113,1.00000001419479,0.808165066328309
701399.999908499,55519.8209346247,1.00000001439462,0.808043480281903
701499.999908475,55543.0607181776,1.00000001452907,0.80794349103375
701599.999908452,55566.3056904294,1.00000001406144,0.807700890793726
701699.999908429,55589.5567351702,1.00000001452414,0.80809238354901
701799.999908405,55612.8141789531,1.00000001406038,0.80863102906186
701899.999908382,55636.0779350321,1.00000001463188,0.808578999896225
701999.999908359,55659.3482746545,1.00000001432822,0.807755330328872
702099.999908336,55682.623807487,1.00000001393428,0.808304191990088
702199.999908312,55705.9041372535,1.00000001401673,0.807760380089187
702299.999908289,55729.1900674502,1.00000001449212,0.807793607544611
702399.999908266,55752.4819186916,1.00000001452655,0.807939444330826
702499.999908242,55775.7789089075,1.00000001457093,0.808610823890131
702599.999908219,55799.0807999318,1.00000001453194,0.808770848460865
702699.999908196,55822.3874913637,1.00000001410885,0.807961087467875
702799.999908173,55845.6996122228,1.0000000141782,0.807528105222567
702899.999908149,55869.0174788618,1.00000001444747,0.807876182870462
702999.999908126,55892.3405012796,1.0000000141068,0.807707583326626
703099.999908103,55915.6684763066,1.00000001436826,0.807602750242992
703199.99990808,55939.0020559637,1.00000001454989,0.808132623244116
703299.999908056,55962.3420885929,1.00000001469623,0.807806826014522
703399.999908033,55985.6896235348,1.00000001462294,0.807941993995893
703499.99990801,56009.0434221816,1.0000000145005,0.808146798355175
703599.999907986,56032.4036360737,1.00000001417826,0.808515954223796
703699.999907963,56055.7705284862,1.00000001434945,0.808924063424924
703799.99990794,56079.143862553,1.00000001402372,0.808814189010965
703899.999907917,56102.5226496738,1.0000000143989,0.808806544570549
703999.999907893,56125.9059686642,1.00000001434386,0.808722634078867
704099.99990787,56149.2957067749,1.00000001464909,0.808134920686178
704199.999907847,56172.6912022241,1.0000000138209,0.808100109664558
704299.999907823,56196.0920214915,1.00000001417983,0.808354694555559
704399.9999078,56219.4979084103,1.00000001420809,0.808293054724176
704499.999907777,56242.9099051233,1.00000001413241,0.808301676054679
704599.999907754,56266.3284078441,1.00000001445335,0.807743200873267
704699.99990773,56289.7542369657,1.00000001421733,0.807647816402548
704799.999907707,56313.1865381291,1.00000001493323,0.807261051934367
704899.999907684,56336.6247115092,1.00000001450228,0.807957909880428
704999.99990766,56360.068140388,1.00000001446064,0.807726459543305
705099.999907637,56383.5166876237,1.00000001414808,0.808175159955525
705199.999907614,56406.9695540509,1.00000001445276,0.808186068074005
705299.999907591,56430.4264555089,1.00000001410751,0.808534522889675
705399.999907567,56453.8875296882,1.00000001418394,0.807819658251608
705499.999907544,56477.354249336,1.00000001436647,0.807946368783402
705599.999907521,56500.8267176424,1.0000000147421,0.807965120237338
705699.999907497,56524.3048617611,1.00000001446723,0.80822743571204
705799.999907474,56547.7885666088,1.00000001401805,0.80763337791659
705899.999907451,56571.2780455422,1.00000001464936,0.808082047126638
705999.999907428,56594.7724614649,1.00000001414481,0.808124693512141
706099.999907404,56618.2726696144,1.00000001432306,0.808589356132511
706199.999907381,56641.7781678563,1.00000001407421,0.808260219022328
706299.999907358,56665.2889000168,1.00000001417916,0.807763465612928
706399.999907334,56688.8058909505,1.00000001448494,0.807828288298353
706499.999907311,56712.328511726,1.00000001433464,0.808615868826018
706599.999907288,56735.857431627,1.0000000140748,0.808504502258957
706699.999907265,56759.3922186463,1.00000001433921,0.808153346984537
706799.999907241,56782.9327874772,1.00000001445182,0.808061275107785
706899.999907218,56806.4794292012,1.00000001452048,0.80851441233479
706999.999907195,56830.0325730643,1.00000001405031,0.808328020300325
707099.999907171,56853.5926693062,1.00000001432162,0.807808339197846
707199.999907148,56877.1594852226,1.00000001460444,0.807705551456707
707299.999907125,56900.7327442799,1.00000001426753,0.80828616309249
707399.999907102,56924.3125136113,1.00000001464211,0.8078992062589
707499.999907078,56947.898965508,1.0000000144137,0.808125904238424
707599.999907055,56971.4932713707,1.00000001475378,0.808378738755885
707699.999907032,56995.0931671421,1.00000001445769,0.808224913772385
707799.999907008,57018.6985219041,1.00000001436013,0.808558250533325
707899.999906985,57042.3087393843,1.00000001461484,0.80885225946653
707999.999906962,57065.9242516169,1.00000001449775,0.809202082171165
708099.999906939,57089.5446283854,1.00000001453241,0.809287914467362
708199.999906915,57113.1709573642,1.00000001436943,0.80819943504733
708299.999906892,57136.8037922081,1.00000001425296,0.808335607554924
708399.999906869,57160.4431942735,1.00000001474251,0.808108640154335
708499.999906846,57184.0891951904,1.00000001450569,0.808760358888803
708599.999906822,57207.7403847946,1.00000001423028,0.80893245912854
708699.999906799,57231.3958323578,1.0000000147206,0.809449612875378
708799.999906776,57255.0554008165,1.00000001418141,0.809461196145737
708899.999906752,57278.7199788643,1.00000001396505,0.80874284922663
708999.999906729,57302.3895943938,1.00000001419332,0.808479636219662
709099.999906706,57326.0652874736,1.00000001446965,0.808326943946821
709199.999906683,57349.7478453949,1.0000000142396,0.808306702183109
709299.999906659,57373.4369965707,1.00000001435688,0.808397199091359
709399.999906636,57397.1320739176,1.00000001462012,0.807924518699679
709499.999906613,57420.8333517355,1.00000001435345,0.808346682944271
709599.999906589,57444.5404002818,1.00000001460323,0.808680756030088
709699.999906566,57468.2533649454,1.00000001424939,0.808494827029261
709799.999906543,57491.97284104,1.00000001491256,0.808513316006347
709899.99990652,57515.6978917738,1.0000000145807,0.808751828182025
709999.999906496,57539.4274549137,1.0000000139008,0.809611882978138
710099.999906473,57563.1623042023,1.00000001451787,0.809667949640118
710199.99990645,57586.9017068432,1.00000001457568,0.809616210219108
710299.999906426,57610.6469979558,1.00000001420871,0.809458453063228
710399.999906403,57634.3975339458,1.00000001398664,0.809308938844135
710499.99990638,57658.1538954804,1.00000001419311,0.809225367989936
710599.999906357,57681.9155816304,1.00000001421558,0.809733073520529
710699.999906333,57705.6818191047,1.00000001467968,0.809713924936338
710799.99990631,57729.4534009556,1.00000001409647,0.809813305351998
710899.999906287,57753.2304920721,1.00000001425045,0.809222639370983
710999.999906263,57777.0128982703,1.00000001411991,0.808462251514977
711099.99990624,57800.8022920742,1.00000001446201,0.807854213461002
711199.999906217,57824.5985111075,1.00000001426236,0.80804591165117
711299.999906194,57848.4013746511,1.00000001432515,0.80875254387512
711399.99990617,57872.2105539762,1.00000001444564,0.808948193783876
711499.999906147,57896.0261073807,1.00000001447544,0.808769288603445
711599.999906124,57919.8472462847,1.00000001394447,0.808662383628722
711699.9999061,57943.6732386619,1.00000001400662,0.809129021608885
711799.999906077,57967.5040710826,1.00000001464288,0.808816780396063
711899.999906054,57991.3405559144,1.00000001399326,0.808625216993371
711999.999906031,58015.1822124456,1.00000001418883,0.809096115051253
712099.999906007,58039.0281390206,1.00000001448287,0.808959542534133
712199.999905984,58062.8793066549,1.00000001457906,0.809159388570634
712299.999905961,58086.7358084049,1.00000001410926,0.808957149585101
712399.999905937,58110.5976839637,1.00000001436584,0.809030588468132
712499.999905914,58134.4648855927,1.00000001417664,0.808937727564958
712599.999905891,58158.3378582426,1.00000001478519,0.808487052433353
712699.999905868,58182.2166028275,1.0000000142663,0.808903723825214
712799.999905844,58206.1009561085,1.00000001429507,0.809148704483719
712899.999905821,58229.9899195932,1.00000001423327,0.808567848160305
712999.999905798,58253.8842509107,1.00000001406141,0.808696250074008
713099.999905774,58277.7844112047,1.00000001472846,0.809200027699753
713199.999905751,58301.6889556731,1.00000001433005,0.80903560869895
713299.999905728,58325.5973011723,1.00000001437461,0.808930736648311
713399.999905705,58349.5112648179,1.00000001495458,0.80862885356493
713499.999905681,58373.4306396398,1.00000001414742,0.808483095053295
713599.999905658,58397.3554492171,1.00000001453723,0.808758505597787
713699.999905635,58421.286824879,1.00000001425002,0.809297713721796
713799.999905612,58445.2236000382,1.00000001442394,0.808411730709293
713899.999905588,58469.1658675193,1.00000001441734,0.808609487643644
713999.999905565,58493.1147702427,1.00000001460114,0.808494930824613
714099.999905542,58517.0686775272,1.00000001426746,0.809458735321648
714199.999905518,58541.0276504054,1.00000001447621,0.809023148406454
714299.999905495,58564.992005611,1.0000000148675,0.808893716783401
714399.999905472,58588.962198954,1.00000001434698,0.808040795290601
714499.999905449,58612.9375129388,1.00000001456123,0.80835118872025
714599.999905425,58636.9189929027,1.00000001442446,0.808344349857632
714699.999905402,58660.9063743682,1.00000001412113,0.808608411361206
714799.999905379,58684.8994895798,1.00000001468291,0.808880235241174
714899.999905355,58708.8979899234,1.00000001452871,0.809321079356885
714999.999905332,58732.9018847701,1.00000001444063,0.809492819572262
715099.999905309,58756.9118017338,1.00000001436135,0.809030533764793
715199.999905286,58780.927959058,1.00000001404039,0.809087115148622
715299.999905262,58804.949631289,1.00000001436855,0.809283584256858
715399.999905239,58828.9766197641,1.00000001451769,0.809308184693334
715499.999905216,58853.0094750813,1.00000001432139,0.809168111621775
715599.999905192,58877.0475067309,1.00000001389701,0.809120746455466
715699.999905169,58901.0914833608,1.00000001449433,0.808544032583047
715799.999905146,58925.1406683308,1.00000001429327,0.808240321968628
715899.999905123,58949.1947716155,1.00000001450666,0.808720945856044
715999.999905099,58973.2547075878,1.00000001468663,0.808623451590256
716099.999905076,58997.3210181948,1.00000001393699,0.808050555955438
716199.999905053,59021.3929729159,1.00000001432533,0.808593188595286
716299.999905029,59045.4705989694,1.00000001447274,0.808858184278208
716399.999905006,59069.5537470892,1.00000001463288,0.808764309016107
716499.999904983,59093.6418728475,1.00000001423265,0.808880692738387
716599.99990496,59117.7355867647,1.00000001511523,0.809300433439794
716699.999904936,59141.8345406456,1.00000001426005,0.810052803573406
716799.999904913,59165.938031804,1.00000001468863,0.810043097792285
716899.99990489,59190.0471449972,1.00000001440166,0.81051275018375
716999.999904866,59214.1614280222,1.00000001438294,0.810450429342838
717099.999904843,59238.2810866145,1.00000001428575,0.810110292152742
717199.99990482,59262.405808856,1.00000001407099,0.809995033092922
717299.999904797,59286.5361545266,1.00000001487087,0.809201256203656
717399.999904773,59310.6703672112,1.00000001416654,0.809677929179117
717499.99990475,59334.8092402112,1.00000001443563,0.809544478906143
717599.999904727,59358.9540791836,1.00000001446055,0.809425007309703
717699.999904703,59383.1050500989,1.00000001452403,0.808862245453152
717799.99990468,59407.2620598798,1.0000000142143,0.809258605488802
717899.999904657,59431.4242939596,1.0000000147658,0.809777734781993
717999.999904634,59455.5926735999,1.00000001470176,0.809344434291406
718099.99990461,59479.7663814344,1.00000001459235,0.809187988995195
718199.999904587,59503.9469923489,1.00000001454347,0.809220122989533
718299.999904564,59528.133599414,1.00000001446451,0.809102452368087
718399.99990454,59552.3275678653,1.00000001436606,0.80880667072293
718499.999904517,59576.5290452699,1.00000001419873,0.808910555260394
718599.999904494,59600.7369101222,1.00000001457343,0.80910863590981
718699.999904471,59624.9503982971,1.0000000144775,0.809129171766048
718799.999904447,59649.1691657516,1.00000001469383,0.809557796294478
718899.999904424,59673.3934336459,1.00000001425068,0.810461951661439
718999.999904401,59697.6216258571,1.00000001451982,0.810256078553529
719099.999904378,59721.8541574179,1.00000001396039,0.809899938884321
719199.999904354,59746.0922590308,1.00000001485359,0.809060074236251
719299.999904331,59770.3361054815,1.00000001422518,0.808872322716684
719399.999904308,59794.5862539764,1.00000001436005,0.809128924027555
719499.999904284,59818.8438935068,1.00000001494728,0.808927374020739
719599.999904261,59843.1086077329,1.00000001483842,0.8085116763636
719699.999904238,59867.381510866,1.00000001428999,0.808428799529771
719799.999904215,59891.661812408,1.0000000140605,0.808532303550192
719899.999904191,59915.9477143325,1.00000001430242,0.808121292233924
719999.999904168,59940.2402521313,1.00000001462854,0.808387053722546
720099.999904145,59964.5391204035,1.00000001409768,0.808246728167016
720199.999904121,59988.8440161159,1.00000001453874,0.808654992333427
720299.999904098,60013.1543823163,1.00000001505596,0.809291091851291
720399.999904075,60037.4689846889,1.00000001478091,0.809592283119865
720499.999904052,60061.7891496034,1.0000000142863,0.809572900261681
720599.999904028,60086.1143413069,1.00000001498659,0.809773352071168
720699.999904005,60110.4443050405,1.00000001435148,0.809920311769483
720799.999903982,60134.7785617923,1.00000001453242,0.809617518175975
720899.999903958,60159.11742346,1.00000001439234,0.809594607068421
720999.999903935,60183.4617552261,1.00000001415672,0.809244526069455
721099.999903912,60207.8124992478,1.00000001430085,0.808895736118344
721199.999903889,60232.1704893224,1.00000001450036,0.808870069346289
721299.999903865,60256.5344205927,1.00000001398213,0.809497057811221
721399.999903842,60280.9045384398,1.00000001452403,0.809881230794287
721499.999903819,60305.2801743819,1.00000001458249,0.809483674247943
721599.999903795,60329.6607274604,1.0000000147944,0.809934693414297
721699.999903772,60354.0461860391,1.00000001445148,0.810361863545697
721799.999903749,60378.4369207881,1.00000001504561,0.80906216701429
721899.999903726,60402.8338994177,1.00000001394944,0.809654848021901
721999.999903702,60427.2364144989,1.00000001473026,0.810143424827378
722099.999903679,60451.6441196299,1.0000000143719,0.810414863725195
722199.999903656,60476.0568455721,1.00000001437947,0.810051277318233
722299.999903632,60500.4744026638,1.00000001403113,0.809921415471467
722399.999903609,60524.8968674907,1.00000001484738,0.810102195354358
722499.999903586,60549.3232850057,1.00000001503043,0.810275010038585
722599.999903563,60573.7548925094,1.00000001460015,0.810002050761156
722699.999903539,60598.1920691469,1.00000001457042,0.809849624093266
722799.999903516,60622.6349590585,1.00000001463618,0.810135402657816
722899.999903493,60647.0832018761,1.00000001404686,0.810119564584989
722999.999903469,60671.5362868123,1.00000001413285,0.809402483910074
723099.999903446,60695.9946476242,1.00000001467949,0.809706839338205
723199.999903423,60720.4593185466,1.0000000143882,0.809630449303359
723299.9999034,60744.931029783,1.00000001449774,0.809458639516282
723399.999903376,60769.4084926738,1.00000001473361,0.80983800722346
723499.999903353,60793.8915386046,1.00000001429397,0.81029247852548
723599.99990333,60818.3800841853,1.00000001439847,0.809722923706996
723699.999903306,60842.8734398702,1.000000014632,0.809991524616511
723799.999903283,60867.3714745673,1.00000001445267,0.810465169549815
723899.99990326,60891.8737081366,1.00000001475911,0.810265518190729
723999.999903237,60916.381261668,1.00000001451765,0.81004268326056
724099.999903213,60940.8955019664,1.00000001499698,0.809902797050276
724199.99990319,60965.4155710016,1.00000001465294,0.809697956123703
724299.999903167,60989.9425115026,1.00000001470597,0.809808253401747
724399.999903143,61014.4750806061,1.00000001442401,0.809606994563447
724499.99990312,61039.0136896337,1.00000001440609,0.809171912407302
724599.999903097,61063.5578652841,1.00000001442859,0.80939236913328
724699.999903074,61088.107742895,1.00000001493003,0.809428034343415
724799.99990305,61112.6628735565,1.00000001405337,0.809659016443652
724899.999903027,61137.2240087935,1.00000001490277,0.80989587653348
724999.999903004,61161.7910742501,1.00000001448486,0.809476346237754
725099.999902981,61186.3642142377,1.00000001441058,0.809749421696733
725199.999902957,61210.9434850372,1.00000001500222,0.809973796194163
725299.999902934,61235.5283041248,1.00000001478376,0.80972828244108
725399.999902911,61260.1192669722,1.00000001472928,0.809462664601182
725499.999902887,61284.7168580715,1.00000001474598,0.809686963213949
725599.999902864,61309.3211741608,1.00000001414058,0.810327938411502
725699.999902841,61333.9319186301,1.00000001448035,0.80983714707613
725799.999902818,61358.5489761084,1.0000000147595,0.809579845219658
725899.999902794,61383.1702636044,1.00000001471808,0.810353337236079
725999.999902771,61407.7967047914,1.00000001463623,0.810299205710001
726099.999902748,61432.4284199544,1.00000001460883,0.809705281806032
726199.999902724,61457.0650291514,1.00000001467709,0.80988304557177
726299.999902701,61481.7055176328,1.00000001461662,0.809724181846883
726399.999902678,61506.3501278801,1.00000001489166,0.809740672320512
726499.999902655,61531.0000382004,1.00000001487591,0.809124008990248
726599.999902631,61555.6560825683,1.00000001501415,0.810055945135882
726699.999902608,61580.3175036158,1.00000001435709,0.810108273307368
726799.999902585,61604.9845910575,1.00000001442277,0.810051786078466
726899.999902561,61629.6566534924,1.00000001419013,0.810221703257671
726999.999902538,61654.3337293974,1.00000001492224,0.810291754722135
727099.999902515,61679.0165663297,1.00000001489558,0.8098507789246
727199.999902492,61703.7053091899,1.00000001471478,0.809980138411772
727299.999902468,61728.3986140721,1.00000001431515,0.809479186208655
727399.999902445,61753.0969744663,1.00000001443844,0.809410744424515
727499.999902422,61777.8007455413,1.00000001480608,0.80882310070703
727599.999902398,61802.5092369915,1.00000001407444,0.809100553169838
727699.999902375,61827.2239409096,1.00000001471252,0.809493815782705
727799.999902352,61851.9444977188,1.00000001495341,0.810164277520674
727899.999902329,61876.6703630419,1.00000001450963,0.809904661017125
727999.999902305,61901.4015320695,1.00000001507799,0.809920121924995
728099.999902282,61926.137509941,1.0000000147503,0.809798625927262
728199.999902259,61950.8789286652,1.00000001431433,0.81065045152874
728299.999902235,61975.6248910488,1.00000001433488,0.810485938169567
728399.999902212,62000.3755834602,1.00000001442058,0.810404570266671
728499.999902189,62025.1319662212,1.00000001485533,0.810630170200459
728599.999902166,62049.8940722476,1.00000001509426,0.810475878551447
728699.999902142,62074.6625741254,1.00000001486705,0.810696898748291
728799.999902119,62099.4369194436,1.0000000144792,0.810904606827976
728899.999902096,62124.2174203595,1.00000001453115,0.811452607027136
728999.999902072,62149.0028642911,1.0000000145197,0.810829015318666
729099.999902049,62173.7937225453,1.00000001447275,0.810436625429321
729199.999902026,62198.5892051149,1.00000001481194,0.809945498088626
729299.999902003,62223.3899531191,1.00000001445966,0.810197010106733
729399.999901979,62248.1955046929,1.00000001455671,0.810483015592781
729499.999901956,62273.0058548214,1.00000001458964,0.810019756944304
729599.999901933,62297.8219615685,1.00000001508705,0.809741610228027
729699.999901909,62322.6442105436,1.00000001463747,0.809912930340466
729799.999901886,62347.4723235413,1.00000001472844,0.810370935424712
729899.999901863,62372.3062723306,1.00000001492417,0.810169533227679
729999.99990184,62397.1452159893,1.00000001459941,0.809333244421809
730099.999901816,62421.9897750519,1.00000001452363,0.809347686283265
730199.999901793,62446.838809413,1.00000001398594,0.8105108188469
730299.99990177,62471.6922991874,1.00000001453311,0.809812487490565
730399.999901747,62496.55135815,1.0000000148295,0.80977741666971
730499.999901723,62521.4168730314,1.00000001436663,0.810635673998017
730599.9999017,62546.2883382996,1.00000001464372,0.81005710923852
730699.999901677,62571.1658200493,1.00000001406274,0.809760790939848
730799.999901653,62596.0497643273,1.00000001466355,0.809635220056383
730899.99990163,62620.9394990218,1.0000000144196,0.809664430987295
730999.999901607,62645.8349949492,1.00000001499072,0.809641392579256
731099.999901584,62670.7362878746,1.00000001483229,0.81021087446872
731199.99990156,62695.6434141539,1.00000001497486,0.810312643277508
731299.999901537,62720.556824204,1.000000014913,0.81008099059042
731399.999901514,62745.4766226292,1.00000001464074,0.809863933208292
731499.99990149,62770.4015950083,1.00000001514308,0.810690665565565
731599.999901467,62795.3330264716,1.00000001470085,0.810635501550144
731699.999901444,62820.2704945612,1.00000001463004,0.8102517554558
731799.999901421,62845.2154816496,1.00000001443658,0.809628061909719
731899.999901397,62870.1666551859,1.00000001421504,0.810131398695344
731999.999901374,62895.1236944147,1.00000001486512,0.810594165555862
732099.999901351,62920.087067129,1.00000001475421,0.810316290138115
732199.999901327,62945.0570198664,1.00000001509926,0.8102297415335
732299.999901304,62970.0335357838,1.00000001431235,0.810622701328926
732399.999901281,62995.0158583765,1.00000001510866,0.810869869740705
732499.999901258,63020.0039515735,1.00000001504201,0.810324706823315
732599.999901234,63044.9982106223,1.00000001460395,0.810684979920981
732699.999901211,63069.998776469,1.00000001492011,0.811179194895355
732799.999901188,63095.0042365344,1.00000001471501,0.811691471394477
732899.999901164,63120.0147131951,1.00000001467081,0.810937829856502
732999.999901141,63145.030550555,1.00000001480902,0.810497747000223
733099.999901118,63170.0518218799,1.00000001417972,0.810876054340815
733199.999901095,63195.0779394742,1.00000001477575,0.810837030948728
733299.999901071,63220.1082626022,1.00000001503757,0.811112614778658
733399.999901048,63245.1429083096,1.00000001508335,0.8106308836753
733499.999901025,63270.1823891675,1.00000001423833,0.810567117860235
733599.999901001,63295.2259933194,1.00000001474374,0.810590184948843
733699.999900978,63320.2744569917,1.00000001434419,0.810443574877086
733799.999900955,63345.3280550409,1.00000001456113,0.810955345366332
733899.999900932,63370.3872870587,1.00000001519694,0.810846908618574
733999.999900908,63395.4524613637,1.0000000149668,0.810374608751474
734099.999900885,63420.5235948236,1.00000001451184,0.8101692640742
734199.999900862,63445.6003846914,1.00000001505336,0.810935647223337
734299.999900838,63470.682492552,1.0000000146318,0.811368312557709
734399.999900815,63495.7704165533,1.00000001519138,0.81138735615971
734499.999900792,63520.863643825,1.00000001472651,0.811614597811191
734599.999900769,63545.9626973809,1.00000001462545,0.811164172595783
734699.999900745,63571.0676183104,1.00000001491159,0.811098188546474
734799.999900722,63596.1776405252,1.0000000148947,0.811285243565026
734899.999900699,63621.2928894868,1.00000001513153,0.810673133199252
734999.999900675,63646.4130646147,1.0000000149156,0.810879067698403
735099.999900652,63671.5385496853,1.00000001456528,0.810864289901401
735199.999900629,63696.6704227413,1.00000001444335,0.811061366927974
735299.999900606,63721.8083652699,1.00000001423931,0.81107238941794
735399.999900582,63746.9515261109,1.00000001462139,0.810781565720017
735499.999900559,63772.1002062777,1.00000001511971,0.811532570390371
735599.999900536,63797.2540793464,1.00000001480402,0.810931997129419
735699.999900513,63822.4136607316,1.00000001439416,0.810915669893573
735799.999900489,63847.5791382878,1.00000001470776,0.810861128296203
735899.999900466,63872.7511573197,1.00000001526599,0.811253689301601
735999.999900443,63897.9298000433,1.00000001517516,0.81181265473027
736099.999900419,63923.1152263348,1.00000001478654,0.811078573243006
736199.999900396,63948.305492839,1.0000000146908,0.811450160133029
736299.999900373,63973.5012009468,1.00000001437498,0.81120953160356
736399.99990035,63998.7031293278,1.00000001459833,0.811339635732961
736499.999900326,64023.9115808242,1.00000001528155,0.810831152943298
736599.999900303,64049.1249176714,1.00000001458433,0.810895415296283
736699.99990028,64074.3436972927,1.00000001507897,0.810443108772423
736799.999900256,64099.5678872365,1.00000001500815,0.810489990447632
736899.999900233,64124.7981092817,1.00000001477847,0.811235785435791
736999.99990021,64150.0338847755,1.00000001510552,0.811250602248013
737099.999900187,64175.2756025174,1.00000001533531,0.810957028431303
737199.999900163,64200.5231744782,1.00000001443472,0.809981580796565
737299.99990014,64225.7765936991,1.00000001501215,0.810645812353904
737399.999900117,64251.0358535069,1.0000000145231,0.810876520960754
737499.999900093,64276.2994680666,1.00000001532073,0.810717837735451
737599.99990007,64301.5671265038,1.00000001469743,0.810734475891724
737699.999900047,64326.8386826445,1.00000001451038,0.811224540328886
737799.999900024,64352.1146648721,1.00000001422336,0.811624901510561
737899.9999,64377.3960770213,1.00000001454712,0.811847340256729
737999.999899977,64402.6820422286,1.00000001441573,0.811161149886915
738099.999899954,64427.9732421204,1.00000001468805,0.811408397289452
738199.99989993,64453.2707105285,1.00000001451565,0.810831133228834
738299.999899907,64478.5754243118,1.00000001506218,0.80992187211886
738399.999899884,64503.8873286689,1.00000001472541,0.810491517326705
738499.999899861,64529.2060404416,1.00000001485896,0.810739414432662
738599.999899837,64554.5310175132,1.00000001463148,0.81102913244561
738699.999899814,64579.8619632424,1.00000001462043,0.811427997440027
738799.999899791,64605.1981399592,1.00000001517126,0.81161303380776
738899.999899767,64630.5390434095,1.00000001481741,0.81160606001103
738999.999899744,64655.884860678,1.00000001509718,0.811695954419342
739099.999899721,64681.2374037296,1.00000001487252,0.811579036959977
739199.999899698,64706.5966960932,1.00000001433162,0.811084738972561
739299.999899674,64731.9616110695,1.00000001461544,0.810719911354259
739399.999899651,64757.3317073349,1.00000001474959,0.81018745271375
739499.999899628,64782.7080455187,1.00000001468791,0.810142720728784
739599.999899604,64808.0915937493,1.00000001496712,0.81070263865479
739699.999899581,64833.4821532551,1.00000001464615,0.810148899108058
739799.999899558,64858.8787726115,1.00000001523791,0.810667496677023
739899.999899535,64884.2799437677,1.00000001511439,0.810546492558537
739999.999899511,64909.6862066558,1.00000001441193,0.810846421345688
740099.999899488,64935.0973941718,1.0000000147505,0.810989933424221
740199.999899465,64960.5135861979,1.00000001445501,0.811250791649823
740299.999899441,64985.9340436455,1.00000001482146,0.811330479866248
740399.999899418,65011.3590135244,1.00000001450669,0.811072595008822
740499.999899395,65036.7882786741,1.00000001496113,0.811322213124285
740599.999899372,65062.2230205709,1.00000001505678,0.810733928513438
740699.999899348,65087.6629582818,1.00000001457021,0.810403702492919
740799.999899325,65113.109005132,1.00000001455189,0.810431650836525
740899.999899302,65138.5616652035,1.00000001480396,0.810359689706719
740999.999899279,65164.0212436405,1.00000001490814,0.810980741024133
741099.999899255,65189.4868914297,1.00000001469786,0.810649931547594
741199.999899232,65214.9586408156,1.00000001485246,0.810788525082357
741299.999899209,65240.4357355566,1.00000001476987,0.811564176241645
741399.999899185,65265.9186409829,1.00000001484777,0.811695713925614
741499.999899162,65291.407550417,1.00000001459805,0.811260706405725
741599.999899139,65316.9020915919,1.00000001477453,0.811282782306905
741699.999899116,65342.4024755734,1.00000001491295,0.81081419165592
741799.999899092,65367.9095165114,1.000000014571,0.810831656361249
741899.999899069,65393.4218178314,1.00000001527972,0.811550447204626
741999.999899046,65418.9395515045,1.00000001496267,0.811843807773566
742099.999899022,65444.4625153616,1.00000001501456,0.811711655134837
742199.999898999,65469.9904667986,1.00000001512043,0.810995856904733
742299.999898976,65495.5229025274,1.0000000145779,0.811610154239921
742399.999898953,65521.0598418861,1.00000001455392,0.811744277544428
742499.999898929,65546.601741549,1.00000001478032,0.811636844317466
742599.999898906,65572.1483327944,1.00000001457406,0.811210884502615
742699.999898883,65597.6993348598,1.00000001475096,0.811668830941473
742799.999898859,65623.2558445863,1.00000001496368,0.811736245505863
742899.999898836,65648.8188181734,1.00000001523825,0.811932013645708
742999.999898813,65674.3877249592,1.00000001528176,0.811567033826889
743099.99989879,65699.9615303719,1.00000001460602,0.81086176419528
743199.999898766,65725.5407199738,1.00000001442991,0.810962209933054
743299.999898743,65751.1261167256,1.00000001458341,0.811475458041103
743399.99989872,65776.7180737276,1.00000001497263,0.811549816505556
743499.999898696,65802.3168209001,1.00000001486718,0.811313227808935
743599.999898673,65827.9218864737,1.00000001480808,0.811102799341944
743699.99989865,65853.5331122726,1.00000001426792,0.811849657188486
743799.999898627,65879.1503374085,1.00000001470147,0.812110030044311
743899.999898603,65904.7732720215,1.00000001436582,0.812295138103212
743999.99989858,65930.4016455949,1.00000001514228,0.812354688436435
744099.999898557,65956.0360872593,1.00000001460758,0.811336102464607
744199.999898533,65981.6765882671,1.00000001455953,0.811320634349166
744299.99989851,66007.3232156024,1.00000001492006,0.811238856678255
744399.999898487,66032.9758951302,1.00000001479096,0.811555459894674
744499.999898464,66058.6334050512,1.00000001510425,0.811382398970405
744599.99989844,66084.2958741146,1.00000001488536,0.811149815421756
744699.999898417,66109.9637070486,1.00000001505207,0.811490879567384
744799.999898394,66135.6380315238,1.0000000149237,0.811268612501429
744899.99989837,66161.3185918409,1.0000000148086,0.811498447761389
744999.999898347,66187.0047457084,1.00000001511239,0.811585229944072
745099.999898324,66212.6964810483,1.00000001459591,0.811627694439786
745199.999898301,66238.3926054887,1.00000001481028,0.811911476203156
745299.999898277,66264.0936522528,1.00000001494113,0.81155071620763
745399.999898254,66289.7996698306,1.00000001503385,0.811394299011181
745499.999898231,66315.5122015288,1.00000001468235,0.811325444855503
745599.999898207,66341.2312173634,1.00000001461231,0.811193974069924
745699.999898184,66366.9568054591,1.00000001464876,0.811791870973883
745799.999898161,66392.6886178292,1.00000001503138,0.811231154285258
745899.999898138,66418.4274893995,1.00000001527498,0.812152460086681
745999.999898114,66444.1720343523,1.00000001493736,0.811835982015182
746099.999898091,66469.9229444134,1.00000001451973,0.81165966884247
746199.999898068,66495.6818017717,1.00000001475326,0.811343333595172
746299.999898045,66521.4474479354,1.00000001479511,0.811000120816873
746399.999898021,66547.2192317675,1.00000001504008,0.811403988242642
746499.999897998,66572.996080643,1.00000001502689,0.8121179264181
746599.999897975,66598.7781603853,1.00000001560005,0.811695982900337
746699.999897951,66624.5651252479,1.00000001447683,0.811713379534042
746799.999897928,66650.357571496,1.00000001498406,0.812137072248887
746899.999897905,66676.1559953003,1.00000001481007,0.811647994446673
746999.999897882,66701.9594719099,1.00000001478471,0.811839293567467
747099.999897858,66727.7684776297,1.00000001503583,0.81137328393248
747199.999897835,66753.5842546168,1.00000001493926,0.811616561073878
747299.999897812,66779.4061078984,1.00000001510837,0.811556700243378
747399.999897788,66805.2333871765,1.00000001486038,0.811910963218637
747499.999897765,66831.0666956972,1.00000001474647,0.812219930191224
747599.999897742,66856.9063346762,1.00000001468673,0.812201855982727
747699.999897719,66882.7513182035,1.00000001463098,0.811860048069454
747799.999897695,66908.6016491247,1.00000001549833,0.811055157417334
747899.999897672,66934.4579378626,1.00000001504127,0.81077253671067
747999.999897649,66960.3202280002,1.00000001454492,0.811260589167398
748099.999897625,66986.188676156,1.00000001504401,0.811547055581021
748199.999897602,67012.0618957603,1.00000001509832,0.811871269402619
748299.999897579,67037.939485962,1.00000001498958,0.812161261075954
748399.999897556,67063.821220352,1.00000001454774,0.812739022813163
748499.999897532,67089.7078756203,1.00000001526893,0.811937727396013
748599.999897509,67115.5997922691,1.00000001452118,0.811753711945558
748699.999897486,67141.4962864552,1.00000001486241,0.811622749441486
748799.999897462,67167.3977064972,1.00000001499819,0.812238651560124
748899.999897439,67193.3048833266,1.0000000149334,0.811554783873196
748999.999897416,67219.2173414101,1.00000001493917,0.811354106692506
749099.999897393,67245.1351597836,1.00000001467137,0.811917758599929
749199.999897369,67271.0584189438,1.00000001470016,0.812064036010448
749299.999897346,67296.9872785529,1.00000001465657,0.811721673648971
749399.999897323,67322.923228578,1.00000001475479,0.811505191495439
749499.999897299,67348.8660424827,1.00000001470911,0.811166938928014
749599.999897276,67374.8149186689,1.00000001491675,0.812211116120522
749699.999897253,67400.7693204583,1.00000001527837,0.811787842537574
749799.99989723,67426.72987502,1.00000001508117,0.812087514033813
749899.999897206,67452.6976649873,1.00000001493097,0.811637952308714
749999.999897183,67478.6727179622,1.00000001505384,0.811696420452994
750099.99989716,67504.6546730588,1.00000001521839,0.811729704792784
750199.999897136,67530.6439957938,1.0000000153896,0.811282370127634
750299.999897113,67556.6379572796,1.000000014952,0.812557530659033
750399.99989709,67582.637462633,1.00000001502887,0.8121986526496
750499.999897067,67608.6428443069,1.00000001500076,0.812033838290563
750599.999897043,67634.655518239,1.00000001507019,0.811456361886494
750699.99989702,67660.6758897036,1.00000001500303,0.811617372372758
750799.999896997,67686.7024217541,1.00000001475858,0.811556097043691
750899.999896973,67712.7356314074,1.00000001473275,0.811691978065663
750999.99989695,67738.7749138571,1.00000001494813,0.81215580017858
751099.999896927,67764.8199463657,1.0000000148547,0.812282766516829
751199.999896904,67790.8704627788,1.00000001514212,0.811795262280826
751299.99989688,67816.9262952907,1.00000001504885,0.812214081505336
751399.999896857,67842.988232087,1.00000001578676,0.812039703563926
751499.999896834,67869.0563066252,1.00000001478624,0.812844618437785
751599.999896811,67895.1298308302,1.00000001461208,0.812805599591384
751699.999896787,67921.2072938262,1.0000000150317,0.812559156012118
751799.999896764,67947.2890647303,1.00000001481582,0.812736296785804
751899.999896741,67973.3756955419,1.00000001581057,0.81237311293713
751999.999896717,67999.4658370169,1.00000001520581,0.812139850077552
752099.999896694,68025.5602220823,1.00000001472428,0.812486678751252
752199.999896671,68051.6600769494,1.00000001482547,0.812614567382972
752299.999896648,68077.7651948433,1.00000001485651,0.812076339417893
752399.999896624,68103.8760615192,1.00000001442751,0.812529729762468
752499.999896601,68129.9911482879,1.00000001534049,0.812505001412382
752599.999896578,68156.1110271893,1.00000001459618,0.812869094549796
752699.999896554,68182.2359795863,1.00000001500352,0.812400278759894
752799.999896531,68208.36579196,1.0000000151598,0.811902795027202
752899.999896508,68234.5013697294,1.00000001548076,0.811737299550954
752999.999896485,68260.6419138008,1.00000001448859,0.811912524174491
753099.999896461,68286.7881506925,1.00000001418967,0.812194668646791
753199.999896438,68312.9404807236,1.00000001510576,0.812689784228081
753299.999896415,68339.0982074611,1.00000001522823,0.812362495634442
753399.999896391,68365.262223368,1.00000001484545,0.812423436034264
753499.999896368,68391.4317130967,1.0000000147458,0.812085166841594
753599.999896345,68417.6061941662,1.00000001452122,0.812249209163942
753699.999896322,68443.7849145934,1.00000001505633,0.812769505714922
753799.999896298,68469.968108911,1.0000000154854,0.812554623194248
753899.999896275,68496.1562669025,1.00000001551979,0.81214013759602
753999.999896252,68522.3495800218,1.00000001477139,0.812205289897067
754099.999896228,68548.5476399483,1.00000001488048,0.812164963448447
754199.999896205,68574.7517965669,1.00000001475255,0.812674955253328
754299.999896182,68600.9616976634,1.00000001483215,0.812868597768958
754399.999896159,68627.1774353917,1.00000001494274,0.812682447996273
754499.999896135,68653.3985007464,1.00000001534112,0.812682296081918
754599.999896112,68679.6245229775,1.00000001484194,0.812342989813345
754699.999896089,68705.8567252171,1.00000001553534,0.811925379789974
754799.999896065,68732.0946242912,1.00000001514778,0.811704122507425
754899.999896042,68758.3374753352,1.00000001444466,0.811877385045252
754999.999896019,68784.587008314,1.00000001455956,0.811804318853633
755099.999895996,68810.8434872592,1.0000000152984,0.811902743161233
755199.999895972,68837.1072872875,1.00000001440795,0.812604119529815
755299.999895949,68863.3769087249,1.00000001490982,0.812671843157465
755399.999895926,68889.6524819864,1.00000001517946,0.812947592189601
755499.999895902,68915.9331784367,1.00000001447487,0.812619529919391
755599.999895879,68942.220397216,1.00000001488319,0.812432145332699
755699.999895856,68968.5140506123,1.00000001477466,0.8124587734719
755799.999895833,68994.81345149,1.00000001500579,0.811858112225133
755899.999895809,69021.1184529023,1.00000001564749,0.811404661329522
755999.999895786,69047.429971149,1.00000001485839,0.812206666300852
756099.999895763,69073.7468096071,1.00000001490137,0.812277444661395
756199.999895739,69100.0691987551,1.00000001474366,0.812149317501095
756299.999895716,69126.3962135292,1.00000001484345,0.812558253976402
756399.999895693,69152.7285011681,1.00000001489712,0.813063312990594
756499.99989567,69179.065646202,1.00000001462703,0.812895295627857
756599.999895646,69205.4085482621,1.00000001507763,0.813190071573428
756699.999895623,69231.7561593872,1.00000001514798,0.812776899576326
756799.9998956,69258.1077858168,1.00000001506572,0.811972605954155
756899.999895577,69284.4630856457,1.00000001520165,0.812700448208672
756999.999895553,69310.8228280513,1.00000001551451,0.812095369260457
757099.99989553,69337.1875589697,1.00000001509347,0.811652540116761
757199.999895507,69363.5580919079,1.00000001504391,0.811315547451399
757299.999895483,69389.9338919512,1.00000001523357,0.811547369990936
757399.99989546,69416.3146653664,1.00000001452845,0.812407706474008
757499.999895437,69442.7010901448,1.0000000148802,0.811880241254242
757599.999895414,69469.0933246772,1.00000001484006,0.812528182737439
757699.99989539,69495.4902673846,1.00000001504441,0.8123765550857
757799.999895367,69521.8921909267,1.00000001489754,0.812860406300268
757899.999895344,69548.2988552413,1.00000001500695,0.812268772364648
757999.99989532,69574.7117781012,1.00000001450438,0.812651345005708
758099.999895297,69601.1303037102,1.00000001507673,0.811944617088378
758199.999895274,69627.5551197542,1.00000001520078,0.81156658964289
758299.999895251,69653.9850102591,1.0000000148118,0.811691290156343
758399.999895227,69680.4209987294,1.0000000159497,0.811491310730076
758499.999895204,69706.8631607744,1.00000001471348,0.811674535664109
758599.999895181,69733.3108503037,1.00000001519667,0.81134946598035
758699.999895157,69759.7637408715,1.00000001519647,0.812224384388036
758799.999895134,69786.2211208543,1.00000001476462,0.812141416705085
758899.999895111,69812.6842006465,1.0000000153051,0.812099679970173
758999.999895088,69839.1525994626,1.00000001501068,0.811982049462308
759099.999895064,69865.6262226447,1.00000001511391,0.812624351476617
759199.999895041,69892.1044636483,1.00000001543364,0.812531121143456
759299.999895018,69918.5883688037,1.00000001490396,0.812690140676693
759399.999894994,69945.0784484649,1.00000001440806,0.81223055436654
759499.999894971,69971.5746667817,1.00000001469363,0.812912045390304
759599.999894948,69998.0765547995,1.00000001491784,0.81357753982402
759699.999894925,70024.5828089323,1.00000001519714,0.812643877281152
759799.999894901,70051.09506445,1.00000001561242,0.812233890755262
759899.999894878,70077.6132010676,1.00000001527617,0.81261841160594
759999.999894855,70104.1378057311,1.0000000151106,0.812764781139867
760099.999894831,70130.6686297485,1.00000001506887,0.812491250351424
760199.999894808,70157.2061519204,1.00000001491203,0.812121662289027
760299.999894785,70183.7502845231,1.00000001516972,0.812517378695634
760399.999894762,70210.3012215594,1.00000001525767,0.813017013312646
760499.999894738,70236.8588149728,1.00000001509035,0.813175461381715
760599.999894715,70263.4226643967,1.0000000149054,0.813085259639544
760699.999894692,70289.9930606625,1.00000001492012,0.812365247227555
760799.999894668,70316.5695528179,1.00000001505829,0.812816691284714
760899.999894645,70343.1520349183,1.00000001515917,0.812811405065381
760999.999894622,70369.7412591107,1.00000001487828,0.81312754353488
761099.999894599,70396.3361643737,1.00000001505677,0.81345853693725
761199.999894575,70422.9369019565,1.00000001527375,0.813315239928224
761299.999894552,70449.5429999143,1.00000001529446,0.812851212647779
761399.999894529,70476.1545369438,1.00000001491518,0.812541092725062
761499.999894505,70502.771305902,1.00000001499926,0.813165491466029
761599.999894482,70529.3936331412,1.00000001476188,0.813254461477004
761699.999894459,70556.0217827738,1.00000001487119,0.813465143403282
761799.999894436,70582.6564820063,1.0000000152788,0.814153264206412
761899.999894412,70609.2967670063,1.000000014984,0.813830742640196
761999.999894389,70635.9418804504,1.00000001509213,0.813469574626285
762099.999894366,70662.5925877236,1.0000000152418,0.813112285482283
762199.999894343,70689.2496190104,1.00000001455674,0.813474077207743
762299.999894319,70715.9125812038,1.00000001521716,0.813366485642478
762399.999894296,70742.5801233842,1.00000001518839,0.813212741770489
762499.999894273,70769.2522680251,1.00000001529408,0.812712694027668
762599.999894249,70795.9298754724,1.00000001560554,0.812817623149044
762699.999894226,70822.6124774321,1.00000001556961,0.813789381347517
762799.999894203,70849.2990709383,1.00000001512881,0.81353286927736
762899.99989418,70875.990133039,1.00000001475949,0.813490709313732
762999.999894156,70902.6856817562,1.00000001506866,0.813741547357039
763099.999894133,70929.3850060049,1.00000001493028,0.813589793778753
763199.99989411,70956.0899704131,1.00000001540258,0.812872382909207
763299.999894086,70982.8001871982,1.0000000155672,0.813181694873279
763399.999894063,71009.5152378782,1.0000000152148,0.813571818228377
763499.99989404,71036.2365801752,1.00000001488684,0.813314687064299
763599.999894017,71062.964823505,1.00000001518409,0.812955011141963
763699.999893993,71089.6986138336,1.00000001484309,0.812705730973208
763799.99989397,71116.4385623981,1.00000001482245,0.813051718997329
763899.999893947,71143.1850651884,1.00000001517613,0.813193777113575
763999.999893923,71169.9381775331,1.00000001465822,0.813319236844612
764099.9998939,71196.6978524891,1.00000001537366,0.812959664973901
764199.999893877,71223.4643058905,1.00000001565499,0.812789739806821
764299.999893854,71250.2366168548,1.00000001490791,0.813344222291547
764399.99989383,71277.0141965082,1.00000001501279,0.813001607443082
764499.999893807,71303.7978854509,1.00000001528571,0.812845151826075
764599.999893784,71330.586977201,1.00000001507642,0.812926986811666
764699.99989376,71357.3813638948,1.0000000152291,0.813068114999351
764799.999893737,71384.1810740282,1.00000001520659,0.81323061432156
764899.999893714,71410.9853914072,1.00000001551862,0.812902792242935
764999.999893691,71437.7953274212,1.00000001511225,0.813114403327326
765099.999893667,71464.6118114446,1.00000001558677,0.812499800176779
765199.999893644,71491.4347015287,1.00000001493085,0.813203488463091
765299.999893621,71518.2646640847,1.00000001502476,0.813160732096538
765399.999893597,71545.1013232039,1.00000001541827,0.814003313911654
765499.999893574,71571.9428958331,1.00000001547048,0.813818537166651
765599.999893551,71598.7893538231,1.00000001538449,0.813214624784144
765699.999893528,71625.6411230863,1.0000000151615,0.812516664074817
765799.999893504,71652.4985654493,1.00000001561149,0.8128330243261
765899.999893481,71679.3626958223,1.00000001492223,0.813244851461034
765999.999893458,71706.2327169913,1.00000001529609,0.813887413836769
766099.999893434,71733.1091550964,1.00000001534309,0.813102026542068
766199.999893411,71759.9924288846,1.00000001497282,0.813074086184145
766299.999893388,71786.8826488921,1.00000001510621,0.812916187134447
766399.999893365,71813.7787365519,1.00000001528079,0.81324638789622
766499.999893341,71840.6797527827,1.00000001533408,0.813745016026749
766599.999893318,71867.5849767226,1.00000001559433,0.813641623451834
766699.999893295,71894.4953306367,1.00000001493692,0.813088553465952
766799.999893271,71921.4112085736,1.00000001513611,0.813144865285795
766899.999893248,71948.3322836578,1.00000001454131,0.812951357551298
766999.999893225,71975.2591109325,1.00000001486748,0.813319071021466
767099.999893202,72002.1922033329,1.00000001556346,0.813586427137083
767199.999893178,72029.1320231059,1.0000000150625,0.813392035081389
767299.999893155,72056.0793811364,1.0000000153518,0.813574612125368
767399.999893132,72083.0320533778,1.00000001478663,0.813732147741205
767499.999893108,72109.9899924326,1.00000001495739,0.814089358572989
767599.999893085,72136.9533677057,1.00000001499942,0.813613318826232
767699.999893062,72163.9224942304,1.00000001512032,0.813135554520051
767799.999893039,72190.8956434197,1.00000001516614,0.813961269978665
767899.999893015,72217.8732387807,1.00000001515559,0.813591649058882
767999.999892992,72244.8559039817,1.00000001569437,0.813755802461633
768099.999892969,72271.8433968045,1.00000001546845,0.813723387584783
768199.999892946,72298.8353732489,1.0000000157852,0.813232104085545
768299.999892922,72325.832537621,1.00000001471793,0.813864330846145
768399.999892899,72352.8349148331,1.00000001494228,0.813755602733908
768499.999892876,72379.8436102693,1.00000001470875,0.813635109459489
768599.999892852,72406.8580712737,1.00000001496164,0.813467490343518
768699.999892829,72433.8773328766,1.00000001551168,0.813483139882266
768799.999892806,72460.901223319,1.00000001522123,0.813920095382709
768899.999892783,72487.9316116966,1.00000001537528,0.813812629880479
768999.999892759,72514.9693369596,1.00000001510081,0.813005167023063
769099.999892736,72542.0133777161,1.00000001533418,0.813070111492076
769199.999892713,72569.0641887736,1.00000001513759,0.813805310187509
769299.999892689,72596.1205923933,1.00000001573911,0.813575578325007
769399.999892666,72623.1818929241,1.00000001504705,0.814394474404521
769499.999892643,72650.2489979009,1.00000001472408,0.814084065338404
769599.99989262,72677.3215467292,1.00000001518504,0.814181680536885
769699.999892596,72704.3989691165,1.00000001498545,0.8142011972201
769799.999892573,72731.4819824025,1.00000001506678,0.813969063779505
769899.99989255,72758.5707245273,1.00000001553231,0.813783770849352
769999.999892526,72785.6652784617,1.00000001477553,0.813687746513258
770099.999892503,72812.7660152379,1.0000000151306,0.813090339622415
770199.99989248,72839.87285532,1.00000001551155,0.812722338088326
770299.999892457,72866.9864355723,1.00000001523324,0.812821625687651
770399.999892433,72894.1062763631,1.0000000155308,0.812507017032621
770499.99989241,72921.2315940901,1.00000001502464,0.812520050907952
770599.999892387,72948.3616554173,1.00000001539031,0.812849313594771
770699.999892363,72975.4972167685,1.00000001497508,0.812925091081376
770799.99989234,73002.6376662058,1.00000001541269,0.813578209514306
770899.999892317,73029.7839433706,1.00000001509592,0.813051808421014
770999.999892294,73056.9357602189,1.00000001527024,0.812994627105246
771099.99989227,73084.0927458081,1.0000000152469,0.812646263371736
771199.999892247,73111.2543834578,1.00000001506335,0.813619429788616
771299.999892224,73138.4205461664,1.00000001465941,0.813720933799557
771399.9998922,73165.5919998507,1.00000001535346,0.813629011704338
771499.999892177,73192.7686587426,1.00000001519859,0.812875124369253
771599.999892154,73219.9508424445,1.00000001504165,0.813060389383454
771699.999892131,73247.1379501633,1.00000001489908,0.813768201235734
771799.999892107,73274.3299275383,1.00000001508534,0.813725891473785
771899.999892084,73301.5269233603,1.00000001543432,0.81367867494523
771999.999892061,73328.7288389985,1.00000001477232,0.813761946558974
772099.999892037,73355.9349443022,1.00000001512084,0.813658731687804
772199.999892014,73383.1461207094,1.00000001491572,0.814113952471858
772299.999891991,73410.3627888664,1.0000000150645,0.814200751366734
772399.999891968,73437.5854834697,1.00000001551463,0.813698770912563
772499.999891944,73464.8138724806,1.00000001533179,0.81491653623647
772599.999891921,73492.0480508044,1.00000001560457,0.814108231961251
772699.999891898,73519.288408964,1.00000001557339,0.81397970263558
772799.999891874,73546.534431922,1.0000000155078,0.813867673299241
772899.999891851,73573.7864000705,1.00000001507551,0.81421289931102
772999.999891828,73601.0439235558,1.00000001486374,0.814193270833932
773099.999891805,73628.307128606,1.00000001548202,0.813978134408487
773199.999891781,73655.5762447214,1.0000000148767,0.813423304988426
773299.999891758,73682.8506161611,1.00000001518705,0.813722617380484
773399.999891735,73710.1304851025,1.00000001573759,0.813805275554837
773499.999891712,73737.4165399507,1.00000001487898,0.814700922478583
773599.999891688,73764.7088060832,1.00000001506976,0.814127618409784
773699.999891665,73792.0058192557,1.00000001512808,0.814269409023324
773799.999891642,73819.3077331013,1.00000001533346,0.813721745338325
773899.999891618,73846.6153600429,1.00000001516431,0.813833422365267
773999.999891595,73873.9295370613,1.00000001545071,0.813958983335382
774099.999891572,73901.2501720512,1.00000001542414,0.813519875492047
774199.999891549,73928.5765850706,1.00000001526432,0.813570082134992
774299.999891525,73955.9094501393,1.00000001498817,0.813823028290585
774399.999891502,73983.2483700214,1.00000001482105,0.814327402064325
774499.999891479,74010.593504295,1.00000001512898,0.814736240448657
774599.999891455,74037.9445030509,1.00000001495385,0.814558621761301
774699.999891432,74065.3012871494,1.00000001537268,0.81402981698009
774799.999891409,74092.6633833561,1.00000001552149,0.813806334453943
774899.999891386,74120.031101278,1.00000001498331,0.813483528475103
774999.999891362,74147.4041184852,1.00000001471228,0.813392940448667
775099.999891339,74174.7823212801,1.00000001547834,0.813394863471121
775199.999891316,74202.1651853728,1.00000001508535,0.813448977546948
775299.999891292,74229.5534218446,1.00000001545146,0.813717682204876
775399.999891269,74256.9477756003,1.0000000151996,0.813543684177585
775499.999891246,74284.3487406448,1.00000001537468,0.813757739182443
775599.999891223,74311.7559512893,1.00000001512855,0.81406956687293
775699.999891199,74339.1691105131,1.00000001537206,0.81396316127565
775799.999891176,74366.5887774891,1.00000001565722,0.814672112186433
775899.999891153,74394.0134281896,1.00000001559963,0.81447202427016
775999.999891129,74421.4440472684,1.00000001537659,0.814567537329568
776099.999891106,74448.8802840838,1.00000001529304,0.814652284550447
776199.999891083,74476.3217463797,1.00000001516009,0.814974233414695
776299.99989106,74503.7681249872,1.00000001534986,0.815472873104074
776399.999891036,74531.2196617875,1.00000001520275,0.81515076898912
776499.999891013,74558.6764180635,1.0000000157247,0.81507165013739
776599.99989099,74586.1396918426,1.00000001512723,0.81540978454072
776699.999890966,74613.6081634519,1.00000001477567,0.814719923237467
776799.999890943,74641.082694914,1.00000001509209,0.814561096880183
776899.99989092,74668.562841159,1.000000015406,0.814694691583037
776999.999890897,74696.0486786237,1.00000001536964,0.815205071815872
777099.999890873,74723.5397465631,1.00000001539416,0.814780740013325
777199.99989085,74751.0367289219,1.00000001473893,0.814796252335888
777299.999890827,74778.5395439119,1.00000001513569,0.814468047324181
777399.999890803,74806.0478690661,1.00000001488145,0.814218897198665
777499.99989078,74833.561210929,1.00000001536008,0.814480031328493
777599.999890757,74861.0800347478,1.00000001549444,0.813955601150198
777699.999890734,74888.6051757657,1.00000001519031,0.813940135474606
777799.99989071,74916.1374844255,1.00000001518459,0.814533802463538
777899.999890687,74943.6763524899,1.00000001539676,0.814354781309577
777999.999890664,74971.2211225191,1.00000001518237,0.814825316138349
778099.99989064,74998.7714893677,1.00000001530003,0.815293238651366
778199.999890617,75026.3272131191,1.00000001525072,0.814852664562092
778299.999890594,75053.8881169397,1.00000001513622,0.814569179613396
778399.999890571,75081.4541806665,1.00000001520394,0.81447513678646
778499.999890547,75109.0252551031,1.00000001577333,0.815252824127827
778599.999890524,75136.6009656369,1.00000001511018,0.814989175751335
778699.999890501,75164.1829972578,1.00000001515068,0.814955149976194
778799.999890478,75191.7695559549,1.00000001518905,0.814558938283999
778899.999890454,75219.3615987826,1.00000001538652,0.814178354205994
778999.999890431,75246.9585533632,1.0000000150234,0.814503798481437
779099.999890408,75274.5610650885,1.00000001547142,0.814169912989952
779199.999890384,75302.1698728473,1.00000001532919,0.814027513759421
779299.999890361,75329.7848448271,1.00000001564629,0.813430774580298
779399.999890338,75357.4065399144,1.00000001494788,0.813618340716826
779499.999890315,75385.0350741672,1.00000001512696,0.813587011196527
779599.999890291,75412.669569711,1.00000001522874,0.813679680438588
779699.999890268,75440.309281135,1.00000001536427,0.81416718113782
779799.999890245,75467.9551061399,1.00000001550277,0.813640871827185
779899.999890221,75495.6061071027,1.00000001526391,0.813764317494729
779999.999890198,75523.2631400888,1.00000001538712,0.813444026470861
780099.999890175,75550.927162489,1.00000001538781,0.813967328793391
780199.999890152,75578.5966015434,1.00000001581238,0.814778102004048
780299.999890128,75606.2710596277,1.0000000154004,0.815224995297636
780399.999890105,75633.9506923805,1.00000001558136,0.815113568255007
780499.999890082,75661.636202883,1.00000001519981,0.814565796351676
780599.999890058,75689.3275164131,1.0000000153239,0.814494262642409
780699.999890035,75717.0243785627,1.00000001530434,0.814811004293403
780799.999890012,75744.7275358295,1.00000001531518,0.814380187762269
780899.999889989,75772.4373082178,1.00000001588322,0.813961894107021
780999.999889965,75800.1541982837,1.00000001506541,0.813848111323359
781099.999889942,75827.8761921298,1.00000001538868,0.814294287182729
781199.999889919,75855.6036680049,1.00000001554614,0.814707129256222
781299.999889895,75883.3365207053,1.00000001483975,0.814523709014568
781399.999889872,75911.0765059595,1.0000000148291,0.814812955707947
781499.999889849,75938.8227885823,1.00000001466223,0.814387244163274
781599.999889826,75966.5743300823,1.00000001514649,0.81387509202266
781699.999889802,75994.331667391,1.00000001552414,0.814248297219929
781799.999889779,76022.094653077,1.00000001502042,0.814565621599682
781899.999889756,76049.8636045775,1.00000001567071,0.81396584273877
781999.999889732,76077.6399860551,1.00000001497547,0.813761679497054
782099.999889709,76105.4226466584,1.00000001510747,0.813026806480958
782199.999889686,76133.2107091775,1.00000001534367,0.814079383753663
782299.999889663,76161.0047522575,1.00000001498722,0.814040348182995
782399.999889639,76188.8039114688,1.00000001536762,0.814212523163771
782499.999889616,76216.6077425749,1.0000000153663,0.814865057344424
782599.999889593,76244.4156436306,1.00000001504092,0.815033916224412
782699.999889569,76272.2284610918,1.00000001520406,0.814015268788942
782799.999889546,76300.0467114685,1.0000000151864,0.815062190989211
782899.999889523,76327.8699373368,1.00000001516466,0.815188505728251
782999.9998895,76355.6974371503,1.00000001581231,0.815287609206362
783099.999889476,76383.5291012847,1.00000001543072,0.815192677657161
783199.999889453,76411.3651307656,1.00000001532796,0.815254926976679
783299.99988943,76439.2053844079,1.00000001533465,0.815072022597119
783399.999889406,76467.0507831206,1.00000001495582,0.815505323273133
783499.999889383,76494.9009829042,1.00000001536544,0.815195577951726
783599.99988936,76522.7558950282,1.00000001554147,0.815075632998962
783699.999889337,76550.6151497193,1.00000001571027,0.814993572683011
783799.999889313,76578.4797947809,1.00000001536097,0.815058885015742
783899.99988929,76606.349515132,1.00000001587695,0.815084609285596
783999.999889267,76634.2247569442,1.00000001545656,0.815102257815448
784099.999889244,76662.1057639372,1.00000001518979,0.815492961096862
784199.99988922,76689.992676216,1.00000001529915,0.815004238868499
784299.999889197,76717.8849278397,1.00000001543022,0.814856427055403
784399.999889174,76745.7809362557,1.00000001542254,0.815052926329983
784499.99988915,76773.6813313683,1.00000001516997,0.81427267721521
784599.999889127,76801.586736842,1.00000001528835,0.814037665999597
784699.999889104,76829.4972675416,1.00000001519321,0.814661703160935
784799.999889081,76857.4130720865,1.00000001477097,0.815007862467417
784899.999889057,76885.335389081,1.00000001474095,0.814970528796521
784999.999889034,76913.2634340908,1.00000001571088,0.815152718559272
785099.999889011,76941.1981038985,1.00000001550145,0.814828214058884
785199.999888987,76969.138682705,1.00000001538828,0.814910723948988
785299.999888964,76997.0849266978,1.00000001541457,0.815170932423788
785399.999888941,77025.0362527563,1.00000001534784,0.81499476161854
785499.999888918,77052.9930923505,1.00000001561296,0.815424394673037
785599.999888894,77080.9556696009,1.00000001545006,0.815344530812758
785699.999888871,77108.9243279413,1.00000001510978,0.815469374176546
785799.999888848,77136.8976374232,1.00000001562793,0.815420596543629
785899.999888824,77164.8754312746,1.0000000155572,0.814888378314127
785999.999888801,77192.857778411,1.00000001574571,0.814910497468888
786099.999888778,77220.8452100355,1.00000001533073,0.814832640556363
786199.999888755,77248.8377744326,1.00000001591462,0.81449005375051
786299.999888731,77276.8355524676,1.00000001549125,0.814320535491464
786399.999888708,77304.8390813141,1.00000001561781,0.81467821980662
786499.999888685,77332.8480060818,1.00000001519238,0.815059932679399
786599.999888661,77360.8628648704,1.00000001550379,0.814951147286677
786699.999888638,77388.8823441249,1.00000001530143,0.814859426562773
786799.999888615,77416.9073393405,1.00000001516664,0.814240677933653
786899.999888592,77444.938073491,1.0000000153171,0.813998455553216
786999.999888568,77472.9743638436,1.00000001545479,0.814300275027582
787099.999888545,77501.0175365687,1.00000001581555,0.813955009244276
787199.999888522,77529.067359778,1.00000001554269,0.814278954627854
787299.999888498,77557.1237833138,1.00000001527609,0.813777441824476
787399.999888475,77585.1863227686,1.00000001566064,0.814068819582403
787499.999888452,77613.2548106174,1.00000001573894,0.814501097699257
787599.999888429,77641.3282768048,1.00000001568837,0.815188277896795
787699.999888405,77669.4069177666,1.00000001541935,0.815111259639392
787799.999888382,77697.4918355021,1.00000001522117,0.814291890568628
787899.999888359,77725.5833754844,1.0000000154144,0.814661779285533
787999.999888335,77753.68024656,1.00000001520035,0.814527634617214
788099.999888312,77781.782221653,1.00000001543434,0.814176320994408
788199.999888289,77809.8906237265,1.00000001541065,0.814109115478533
788299.999888266,77838.0059578057,1.00000001549814,0.814372211394274
788399.999888242,77866.127739653,1.00000001549185,0.815013541442739
788499.999888219,77894.2556209733,1.00000001574246,0.814606927451982
788599.999888196,77922.3890228631,1.00000001583934,0.814560704015536
788699.999888172,77950.528735718,1.00000001528933,0.814776589989108
788799.999888149,77978.6748373514,1.00000001542303,0.814553157478471
788899.999888126,78006.8267071973,1.00000001589726,0.815107374585528
788999.999888103,78034.9841794041,1.00000001568729,0.815509780914536
789099.999888079,78063.1471569929,1.00000001552618,0.816068391026653
789199.999888056,78091.3158268884,1.00000001560908,0.815620037838786
789299.999888033,78119.4891401343,1.00000001529954,0.815283782078697
789399.99988801,78147.6683036289,1.0000000155723,0.815357776374268
789499.999887986,78175.8533694291,1.00000001577292,0.815176224644213
789599.999887963,78204.0443396339,1.00000001537225,0.815388274098434
789699.99988794,78232.2404942297,1.00000001557614,0.814773589978619
789799.999887916,78260.4420775124,1.00000001522105,0.814741267299508
789899.999887893,78288.6487895578,1.00000001532091,0.815104572326887
789999.99988787,78316.861133582,1.00000001520086,0.815218890840361
790099.999887847,78345.0797922449,1.00000001526705,0.814979650069628
790199.999887823,78373.3041356576,1.00000001533124,0.814726985967944
790299.9998878,78401.5351951972,1.00000001527552,0.814378378668735
790399.999887777,78429.7733769556,1.00000001558875,0.814681866176257
790499.999887753,78458.0177763892,1.00000001547549,0.814958715513744
790599.99988773,78486.2685599591,1.00000001567152,0.815382952276906
790699.999887707,78514.5256219981,1.0000000152817,0.815925706113661
790799.999887684,78542.7877593018,1.00000001500553,0.816036227604507
790899.99988766,78571.054449762,1.00000001533963,0.815641761078762
790999.999887637,78599.3257819891,1.00000001548513,0.815265386454549
791099.999887614,78627.6016109856,1.00000001575744,0.815231682720752
791199.99988759,78655.8821089437,1.00000001607123,0.814777225108807
791299.999887567,78684.1678574707,1.00000001568454,0.815520420035242
791399.999887544,78712.4592491803,1.00000001523105,0.815045310434631
791499.999887521,78740.7555038752,1.00000001543041,0.814716952796815
791599.999887497,78769.0570258506,1.00000001521469,0.815111444469923
791699.999887474,78797.3631864949,1.00000001539519,0.815384526740527
791799.999887451,78825.6738575561,1.00000001542067,0.815368127587517
791899.999887427,78853.9891941434,1.00000001585627,0.815315133270927
791999.999887404,78882.3103925627,1.00000001606128,0.815113559998538
792099.999887381,78910.6373851077,1.000000015708,0.814685752491361
792199.999887358,78938.9708525172,1.00000001591037,0.814214916386363
792299.999887334,78967.3101755187,1.00000001548595,0.814563565261243
792399.999887311,78995.6554540007,1.00000001578913,0.815711103721538
792499.999887288,79024.0062591124,1.00000001517334,0.815721770246078
792599.999887264,79052.3627949238,1.00000001520688,0.815601608019129
792699.999887241,79080.7248204531,1.00000001535628,0.815240441279328
792799.999887218,79109.0933929807,1.00000001550491,0.81491606158461
792899.999887195,79137.4694046229,1.00000001525809,0.814707294774555
792999.999887171,79165.8513108067,1.0000000154277,0.815110311856122
793099.999887148,79194.2394246904,1.00000001558162,0.81470400562368
793199.999887125,79222.6331327029,1.00000001589277,0.815203269843149
793299.999887101,79251.0327199927,1.00000001548711,0.81568495606294
793399.999887078,79279.4381640837,1.00000001586289,0.815082984270678
793499.999887055,79307.8504552271,1.00000001528656,0.815254357587666
793599.999887032,79336.2694361322,1.00000001542722,0.815275618708081
793699.999887008,79364.6952967222,1.00000001584226,0.815342819630971
793799.999886985,79393.1264499556,1.00000001573835,0.815402364083776
793899.999886962,79421.5629417895,1.00000001530585,0.815284439364298
793999.999886938,79450.0043411226,1.00000001575209,0.815121655890858
794099.999886915,79478.4514668064,1.00000001580386,0.815079585890008
794199.999886892,79506.9034101941,1.00000001525633,0.815061106437631
794299.999886869,79535.3605129704,1.00000001588493,0.814968015426166
794399.999886845,79563.8230189817,1.00000001520408,0.815353209028632
794499.999886822,79592.2905199113,1.0000000159008,0.815535291510505
794599.999886799,79620.7625026367,1.00000001563522,0.815642172267527
794699.999886776,79649.2394898618,1.00000001541479,0.815334779769988
794799.999886752,79677.7223295511,1.0000000158725,0.815351430052627
794899.999886729,79706.2104312718,1.00000001540922,0.816166928985591
794999.999886706,79734.7042014009,1.00000001591636,0.815997854523311
795099.999886682,79763.2029538562,1.00000001566383,0.815920720519706
795199.999886659,79791.7063398106,1.00000001508594,0.816155355628327
795299.999886636,79820.2152481177,1.00000001582856,0.815183707304037
795399.999886613,79848.7301315041,1.0000000156399,0.81567043660322
795499.999886589,79877.2501464908,1.00000001604659,0.815290490799214
795599.999886566,79905.7751969586,1.00000001587167,0.815819788774831
795699.999886543,79934.3053442707,1.00000001574683,0.816266128225294
795799.999886519,79962.8410814562,1.0000000153538,0.815959945744809
795899.999886496,79991.3813862644,1.00000001571457,0.816070229119588
795999.999886473,80019.9257749496,1.00000001569722,0.81623380062544
796099.99988645,80048.4734179976,1.00000001598038,0.816070371585878
796199.999886426,80077.024775875,1.00000001581558,0.816609788482671
796299.999886403,80105.5810074871,1.0000000154651,0.816857223362856
796399.99988638,80134.1426097206,1.00000001542857,0.816166382013258
796499.999886356,80162.7094510983,1.000000015556,0.816127853675995
796599.999886333,80191.2817057303,1.00000001536262,0.816029050754251
796699.99988631,80219.8596203595,1.00000001601408,0.81566857999866
796799.999886287,80248.443448211,1.0000000150872,0.81594706869875
796899.999886263,80277.03275532,1.00000001560155,0.815683238943555
796999.99988624,80305.6279222521,1.00000001569717,0.815725351231044
797099.999886217,80334.2277656689,1.00000001565846,0.816296188412683
797199.999886193,80362.8318291377,1.00000001518929,0.816431564017797
797299.99988617,80391.4415094766,1.00000001569908,0.81590502579058
797399.999886147,80420.0563221057,1.00000001516515,0.81558861149313
797499.999886124,80448.6761807003,1.00000001506358,0.815928090805487
797599.9998861,80477.3010097854,1.00000001532341,0.816282847051198
797699.999886077,80505.9301128314,1.00000001560635,0.816260464261501
797799.999886054,80534.563692322,1.00000001567087,0.816018034453663
797899.99988603,80563.2021718371,1.00000001600656,0.815944905589619
797999.999886007,80591.8459228987,1.00000001546339,0.816224876637925
798099.999885984,80620.4948166518,1.00000001598107,0.816663238856112
798199.999885961,80649.1496170659,1.00000001536552,0.816523147220985
798299.999885937,80677.810154916,1.00000001559764,0.816133810631248
798399.999885914,80706.4760338617,1.00000001587662,0.815981282090861
798499.999885891,80735.1480599262,1.00000001547087,0.815242303762823
798599.999885867,80763.82725518,1.00000001519674,0.815971923755543
798699.999885844,80792.5132276039,1.00000001562438,0.815386958527399
798799.999885821,80821.2061174949,1.00000001572345,0.815491149974645
798899.999885798,80849.9048069562,1.00000001565302,0.815466434969785
798999.999885774,80878.6082771636,1.00000001573384,0.815231689160793
799099.999885751,80907.3168617466,1.0000000160515,0.814948732206109
799199.999885728,80936.0313659566,1.00000001570472,0.815564155179836
799299.999885704,80964.7518286815,1.00000001535131,0.815746630754537
799399.999885681,80993.4775065965,1.00000001522097,0.816097369923442
799499.999885658,81022.2094600291,1.00000001540352,0.815468831262055
799599.999885635,81050.9485164541,1.00000001573153,0.815647495272058
799699.999885611,81079.6944113169,1.00000001560893,0.815553757206182
799799.999885588,81108.4464835094,1.00000001541547,0.815795013724732
799899.999885565,81137.204258708,1.00000001609479,0.816068570087693
799999.999885542,81165.9671795208,1.00000001548647,0.815222795388845
800099.999885518,81194.7346957571,1.00000001623188,0.815759727240141
800199.999885495,81223.5078030949,1.00000001529963,0.815918495781578
800299.999885472,81252.2856106231,1.00000001576343,0.815795047345355
800399.999885448,81281.0683197804,1.0000000155695,0.816170371073025
800499.999885425,81309.8570957447,1.00000001562236,0.816210623557202
800599.999885402,81338.6522320122,1.00000001570567,0.816753213129488
800699.999885379,81367.4532425532,1.00000001593565,0.81590802747753
800799.999885355,81396.2599958755,1.00000001583317,0.8157581864171
800899.999885332,81425.072531973,1.00000001630284,0.816198259679992
800999.999885309,81453.8902312104,1.0000000152871,0.816294905531206
801099.999885285,81482.7125315733,1.00000001567982,0.816442040787795
801199.999885262,81511.5395351503,1.00000001604544,0.816115469033258
801299.999885239,81540.3715905311,1.00000001568329,0.816044436913237
801399.999885216,81569.208979308,1.0000000154068,0.815508049997915
801499.999885192,81598.0521738687,1.00000001551389,0.815572128434389
801599.999885169,81626.9012919147,1.00000001551286,0.815849511626115
801699.999885146,81655.7542657151,1.0000000158829,0.816375998632558
801799.999885122,81684.6120391473,1.00000001516373,0.81622725329358
801899.999885099,81713.4748739479,1.00000001592704,0.816333604055397
801999.999885076,81742.3420668838,1.00000001538621,0.816260838102597
802099.999885053,81771.2146592439,1.00000001611056,0.816775267318798
802199.999885029,81800.0914478252,1.00000001570522,0.816464975580256
802299.999885006,81828.9721621147,1.00000001581388,0.816368688375103
802399.999884983,81857.8569604343,1.00000001578236,0.816450514734286
802499.999884959,81886.747030265,1.00000001611058,0.816346120582454
802599.999884936,81915.6425886185,1.0000000154085,0.815691991367366
802699.999884913,81944.5435787298,1.00000001561737,0.815757758739828
802799.99988489,81973.449805872,1.00000001565446,0.815962904107095
802899.999884866,82002.3613185514,1.00000001520342,0.815804174330811
802999.999884843,82031.278990184,1.0000000157171,0.816374908612119
803099.99988482,82060.2022628046,1.00000001546757,0.816248507439501
803199.999884796,82089.1309319532,1.00000001597419,0.815831485956262
803299.999884773,82118.0646868594,1.00000001512998,0.815945899488811
803399.99988475,82147.0032709615,1.00000001527019,0.816945649950042
803499.999884727,82175.9478921216,1.00000001569249,0.816797422998006
803599.999884703,82204.8983958549,1.00000001506646,0.815959667960607
803699.99988468,82233.8544957721,1.00000001556936,0.816166496961708
803799.999884657,82262.8168143819,1.00000001567215,0.815858161549004
803899.999884633,82291.7852956428,1.0000000155616,0.815775479486119
803999.99988461,82320.7592924019,1.00000001563475,0.816293926624322
804099.999884587,82349.7384456036,1.0000000153185,0.815679601311336
804199.999884564,82378.7231868702,1.00000001559247,0.815585493161811
804299.99988454,82407.7130961192,1.00000001573586,0.816118941642633
804399.999884517,82436.7087102512,1.00000001590989,0.816584052573206
804499.999884494,82465.7102282951,1.00000001580923,0.816699431202612
804599.99988447,82494.7180300944,1.00000001562816,0.815965104071711
804699.999884447,82523.7324693791,1.00000001512993,0.815625501558425
804799.999884424,82552.7533528436,1.00000001592546,0.815952075635391
804899.999884401,82581.7794179072,1.00000001531627,0.815999047324597
804999.999884377,82610.809812442,1.00000001608178,0.816099085715192
805099.999884354,82639.8446375111,1.00000001548056,0.816548930874383
805199.999884331,82668.8839424183,1.00000001559383,0.81673964294926
805299.999884308,82697.9289729771,1.00000001621326,0.8160443014919
805399.999884284,82726.9798471838,1.00000001564986,0.816394111917359
805499.999884261,82756.0359727767,1.00000001589149,0.816078377951151
805599.999884238,82785.0974898913,1.00000001597923,0.816174073619631
805699.999884214,82814.1641914061,1.00000001576264,0.816285028664892
805799.999884191,82843.2361397647,1.00000001552192,0.81578563874679
805899.999884168,82872.3138639001,1.00000001579575,0.816562192392363
805999.999884145,82901.3970414005,1.00000001622425,0.81690091362166
806099.999884121,82930.4854963627,1.00000001583709,0.816641979648549
806199.999884098,82959.5788390443,1.00000001588413,0.816519086772771
806299.999884075,82988.6779876648,1.00000001606137,0.816382216327391
806399.999884051,83017.7828736137,1.00000001562569,0.816426915602254
806499.999884028,83046.8937500711,1.00000001613868,0.816496344101396
806599.999884005,83076.0100990182,1.00000001564129,0.817292971034396
806699.999883982,83105.1323295727,1.00000001553857,0.81675461875435
806799.999883958,83134.260008821,1.00000001566882,0.81661409423319
806899.999883935,83163.3932696314,1.00000001570913,0.8169695668338
806999.999883912,83192.5308526214,1.00000001591454,0.817030005909228
807099.999883888,83221.6723184692,1.00000001607274,0.817222499575899
807199.999883865,83250.8189735869,1.00000001556814,0.816252489908758
807299.999883842,83279.9706148506,1.0000000159269,0.816549251395107
807399.999883819,83309.1291274953,1.0000000157988,0.816115256832697
807499.999883795,83338.2943958909,1.00000001581683,0.815963780576253
807599.999883772,83367.4657956394,1.00000001542411,0.816295682082034
807699.999883749,83396.6426349815,1.00000001592233,0.815778872746097
807799.999883725,83425.823829381,1.00000001520619,0.815757562394921
807899.999883702,83455.0104661451,1.00000001591268,0.816157702035141
807999.999883679,83484.2019879278,1.00000001573374,0.816247763400627
808099.999883656,83513.398107489,1.0000000158628,0.816374434973092
808199.999883632,83542.5983524641,1.00000001558648,0.816468436236483
808299.999883609,83571.8043662521,1.00000001594393,0.816465749706811
808399.999883586,83601.0150615106,1.00000001585216,0.817040981755901
808499.999883562,83630.2303098679,1.00000001632307,0.816109162773293
808599.999883539,83659.4513569368,1.00000001580218,0.816603837237705
808699.999883516,83688.6779840035,1.00000001586022,0.816508244764732
808799.999883493,83717.9096797304,1.00000001545869,0.816849980265892
808899.999883469,83747.1466181403,1.00000001587598,0.816468661460156
808999.999883446,83776.388284084,1.00000001559503,0.816673496660429
809099.999883423,83805.6345673193,1.00000001625602,0.817212824208414
809199.999883399,83834.8861770892,1.00000001586394,0.816991437635471
809299.999883376,83864.1444612362,1.00000001557255,0.816754850559662
809399.999883353,83893.4092350431,1.00000001609827,0.817340002677899
809499.99988333,83922.6791158922,1.00000001586456,0.817192790785342
809599.999883306,83951.9537180853,1.00000001529815,0.816476614817798
809699.999883283,83981.2346235504,1.00000001574044,0.816498003065088
809799.99988326,84010.5213493205,1.00000001537169,0.816200287771532
809899.999883236,84039.8136650024,1.00000001568884,0.8169428777112
809999.999883213,84069.1122261511,1.00000001566933,0.816734195921742
810099.99988319,84098.4165018582,1.00000001601509,0.816808997001073
810199.999883167,84127.7269291281,1.00000001543157,0.816981836569744
810299.999883143,84157.0444877724,1.00000001569925,0.817043819228006
810399.99988312,84186.3685070438,1.00000001587774,0.81653102444937
810499.999883097,84215.6986187712,1.00000001598687,0.816495456408552
810599.999883073,84245.033960141,1.00000001568045,0.816466213092277
810699.99988305,84274.3747419521,1.0000000159527,0.816771237820491
810799.999883027,84303.7209412216,1.00000001591219,0.816297884570374
810899.999883004,84333.0736950957,1.00000001616838,0.817772882964895
810999.99988298,84362.4318811292,1.00000001571924,0.817681375825913
811099.999882957,84391.7956070984,1.0000000159721,0.817299655424346
811199.999882934,84421.1640001748,1.00000001597242,0.817087634560647
811299.999882911,84450.5377820333,1.00000001592074,0.816691706765419
811399.999882887,84479.9179040899,1.00000001623111,0.816900335994368
811499.999882864,84509.304731097,1.00000001538944,0.817054828338118
811599.999882841,84538.6983146276,1.0000000159198,0.816920665357219
811699.999882817,84568.0979923342,1.00000001552588,0.816250224195491
811799.999882794,84597.5031722105,1.00000001555472,0.816601152281319
811899.999882771,84626.9130802376,1.00000001620207,0.817003832615657
811999.999882748,84656.3271723536,1.00000001587322,0.816956450986545
812099.999882724,84685.7465250078,1.00000001526466,0.81714607301753
812199.999882701,84715.1710842904,1.00000001583721,0.817017213025146
812299.999882678,84744.6004223181,1.00000001582728,0.816796037662142
812399.999882654,84774.0344634739,1.00000001554764,0.817058173583221
812499.999882631,84803.4738988945,1.0000000160514,0.816536391343276
812599.999882608,84832.9185563561,1.00000001586084,0.816991454551024
812699.999882585,84862.3679082174,1.00000001586631,0.816680850361316
812799.999882561,84891.8225409359,1.00000001608828,0.815990686664776
812899.999882538,84921.2841115869,1.00000001584702,0.816315872906409
812999.999882515,84950.751409529,1.00000001596154,0.816543747719977
813099.999882491,84980.2249148148,1.00000001546807,0.815995283232805
813199.999882468,85009.7059148366,1.00000001594264,0.816454742708991
813299.999882445,85039.1934045523,1.00000001568771,0.816464080611719
813399.999882422,85068.6877902143,1.00000001621377,0.816325518302504
813499.999882398,85098.1886994131,1.00000001597669,0.816301824429853
813599.999882375,85127.6949996067,1.0000000159356,0.816841904517905
813699.999882352,85157.2051337513,1.00000001574843,0.81684730543784
813799.999882328,85186.7205284923,1.00000001575394,0.816859819123402
813899.999882305,85216.2406832844,1.00000001585819,0.817600777483534
813999.999882282,85245.7657467047,1.00000001571274,0.817507804617457
814099.999882259,85275.2957169898,1.00000001584235,0.816913583476586
814199.999882235,85304.8305345758,1.00000001581365,0.817112288195875
814299.999882212,85334.3704266445,1.00000001572728,0.816805748314499
814399.999882189,85363.9144051604,1.00000001595928,0.817119646751088
814499.999882165,85393.4631995458,1.00000001559234,0.817248389173353
814599.999882142,85423.0165568242,1.00000001583839,0.81745534722199
814699.999882119,85452.574532011,1.00000001644463,0.816632407643297
814799.999882096,85482.137472212,1.00000001588929,0.816396479928855
814899.999882072,85511.7070227918,1.00000001576435,0.816573151568745
814999.999882049,85541.2817360274,1.00000001607197,0.816528152513346
815099.999882026,85570.8617067113,1.00000001576012,0.81698164754834
815199.999882002,85600.4468030822,1.00000001597416,0.816732851311919
815299.999881979,85630.0371352413,1.00000001594526,0.817040431250902
815399.999881956,85659.6323657606,1.00000001542287,0.817507973412264
815499.999881933,85689.2335518492,1.0000000157787,0.817437724456777
815599.999881909,85718.8409123758,1.00000001605045,0.817234922492675
815699.999881886,85748.453958367,1.0000000161298,0.817256267279395
815799.999881863,85778.0726697252,1.00000001606626,0.817501819215379
815899.999881839,85807.6969290328,1.000000016293,0.817241608150178
815999.999881816,85837.3271635205,1.00000001597794,0.816822813511247
816099.999881793,85866.9639484291,1.00000001574539,0.816288547074108
816199.99988177,85896.6069781873,1.00000001580355,0.81657807202886
816299.999881746,85926.2555030549,1.00000001573086,0.816391439837765
816399.999881723,85955.9094733704,1.00000001568684,0.816796898147979
816499.9998817,85985.5697512086,1.00000001595782,0.81648797286339
816599.999881677,86015.2375690241,1.00000001604148,0.816281450025356
816699.999881653,86044.9117419754,1.00000001587663,0.816948554260149
816799.99988163,86074.5914469906,1.00000001586631,0.817461769764233
816899.999881607,86104.2774153912,1.00000001563011,0.817031573989321
816999.999881583,86133.9693247218,1.00000001553152,0.816774496064922
817099.99988156,86163.6667690596,1.00000001599447,0.816886037916244
817199.999881537,86193.3694617598,1.00000001622274,0.816784718994877
817299.999881514,86223.076606218,1.00000001635448,0.816335919512611
817399.99988149,86252.7893472704,1.00000001561848,0.816913509938621
817499.999881467,86282.5071655471,1.00000001606683,0.816910061419597
817599.999881444,86312.2313449277,1.00000001589737,0.816545366894579
817699.99988142,86341.9615746949,1.00000001576443,0.817036844030451
817799.999881397,86371.696691017,1.00000001572965,0.817938868307687
817899.999881374,86401.4368888295,1.00000001577456,0.817450894300206
817999.999881351,86431.1817918159,1.00000001599802,0.817330691098519
818099.999881327,86460.9314353492,1.00000001612018,0.81720537498322
818199.999881304,86490.6862855732,1.00000001651122,0.817036895455964
818299.999881281,86520.4456777695,1.00000001578994,0.817172829584606
818399.999881257,86550.2110211422,1.00000001622971,0.817666528394019
818499.999881234,86579.9823935082,1.00000001555877,0.818209645578019
818599.999881211,86609.7597265421,1.00000001598379,0.81767638018934
818699.999881188,86639.5421557562,1.00000001647746,0.817963171305378
818799.999881164,86669.330205239,1.00000001567711,0.818008505445298
818899.999881141,86699.1243792132,1.00000001655936,0.817684114989909
818999.999881118,86728.9239839689,1.00000001569928,0.817065934251268
819099.999881094,86758.7292524515,1.0000000157687,0.817282266105903
819199.999881071,86788.5398959856,1.00000001589498,0.817149389970138
819299.999881048,86818.3558050002,1.00000001566453,0.816956843178886
819399.999881025,86848.1771324863,1.00000001637933,0.816930037115844
819499.999881001,86878.0033780688,1.00000001607187,0.817343136037225
819599.999880978,86907.8354064662,1.00000001555744,0.817093023365335
819699.999880955,86937.6743645505,1.00000001550643,0.817034112809607
819799.999880931,86967.5194251432,1.00000001594454,0.817576459947965
819899.999880908,86997.3701884851,1.00000001605849,0.817293704589568
819999.999880885,87027.2265619899,1.00000001635214,0.817366720340991
820099.999880862,87057.0887127692,1.00000001544983,0.817783700983993
820199.999880838,87086.9558477418,1.00000001581723,0.817300742844873
820299.999880815,87116.8289288297,1.00000001556303,0.816781208070156
820399.999880792,87146.7072099985,1.00000001581174,0.817262847424633
820499.999880768,87176.59174826,1.00000001558881,0.818060507844703
820599.999880745,87206.4824489362,1.00000001610002,0.817759241798039
820699.999880722,87236.379270724,1.00000001588681,0.817565566865456
820799.999880699,87266.2811014451,1.00000001604386,0.817676949168159
820899.999880675,87296.1879473385,1.00000001611551,0.817506636588441
820999.999880652,87326.100350996,1.00000001614693,0.817783019961001
821099.999880629,87356.0186032834,1.00000001599783,0.81791574129585
821199.999880605,87385.9415974832,1.0000000156493,0.818029673679181
821299.999880582,87415.870064411,1.00000001561099,0.817533092723913
821399.999880559,87445.8050201089,1.00000001600225,0.817671352887878
821499.999880536,87475.7459257265,1.00000001613731,0.818311275075374
821599.999880512,87505.6920493475,1.00000001610506,0.817695522862037
821699.999880489,87535.6436450674,1.00000001603653,0.817725264481116
821799.999880466,87565.5992076942,1.00000001626277,0.818198785228289
821899.999880443,87595.5594189676,1.00000001560833,0.818300658304776
821999.999880419,87625.5244600093,1.00000001606338,0.817603127206316
822099.999880396,87655.4953757807,1.00000001571691,0.817640093980013
822199.999880373,87685.4719533022,1.00000001616179,0.818018740521418
822299.999880349,87715.4533863437,1.00000001556891,0.818488361430944
822399.999880326,87745.4403645336,1.00000001620304,0.818557536715438
822499.999880303,87775.4324718753,1.00000001578555,0.8185605034061
822599.99988028,87805.4291747108,1.00000001563203,0.817884449070109
822699.999880256,87835.4313389805,1.00000001573586,0.818182554866907
822799.999880233,87865.4383943846,1.00000001588255,0.817637555046329
822899.99988021,87895.4500644161,1.00000001644217,0.817641574735373
822999.999880186,87925.4666694106,1.0000000159609,0.818050481897491
823099.999880163,87955.4883623841,1.00000001635229,0.817982105539632
823199.99988014,87985.5155325444,1.00000001660078,0.817553588121354
823299.999880117,88015.5482873828,1.00000001571549,0.818141798795619
823399.999880093,88045.5863894381,1.00000001617884,0.817523441410343
823499.99988007,88075.6306245785,1.00000001535229,0.817053060215226
823599.999880047,88105.6807208763,1.00000001592775,0.816996888545627
823699.999880023,88135.7362516592,1.00000001644917,0.817475634565701
823799.99988,88165.797173117,1.00000001583658,0.816892106268899
823899.999879977,88195.8642340013,1.00000001642172,0.817252747462616
823999.999879954,88225.9366074823,1.0000000158429,0.817437893025818
824099.99987993,88256.0139965473,1.00000001568295,0.817949451989656
824199.999879907,88286.0957887651,1.00000001611931,0.817811771588887
824299.999879884,88316.1825373269,1.00000001602726,0.817712647865864
824399.99987986,88346.2760201236,1.0000000155843,0.817056839995967
824499.999879837,88376.3756065514,1.00000001581622,0.817192787563322
824599.999879814,88406.4806091968,1.00000001635769,0.817802236298342
824699.999879791,88436.5912251586,1.00000001637828,0.817328521704527
824799.999879767,88466.7074809989,1.00000001576361,0.817867692534906
824899.999879744,88496.8293423727,1.00000001570322,0.817706987977453
824999.999879721,88526.956638972,1.00000001526043,0.817897104585329
825099.999879697,88557.0892683553,1.00000001574474,0.818416812909975
825199.999879674,88587.2269581151,1.00000001625666,0.81838881558094
825299.999879651,88617.3709181874,1.00000001639603,0.81755736313015
825399.999879628,88647.5210543211,1.00000001662202,0.818048414438393
825499.999879604,88677.6775540435,1.00000001617919,0.817560984092033
825599.999879581,88707.8395411123,1.00000001627622,0.817421716310559
825699.999879558,88738.0073781199,1.00000001640502,0.817832543867238
825799.999879534,88768.1798440714,1.00000001566427,0.818061102977947
825899.999879511,88798.3572905701,1.00000001604044,0.818309553060942
825999.999879488,88828.5399092314,1.00000001559134,0.818137464377223
826099.999879465,88858.7272593441,1.00000001581631,0.818760746042715
826199.999879441,88888.9196075837,1.00000001596026,0.818209411693825
826299.999879418,88919.1170074043,1.00000001593707,0.817672015615481
826399.999879395,88949.319168059,1.00000001611391,0.817371877522051
826499.999879371,88979.5259166176,1.00000001647149,0.817170029081066
826599.999879348,89009.7370059648,1.00000001575755,0.818046029730402
826699.999879325,89039.953481145,1.00000001598835,0.818014982651482
826799.999879302,89070.1759536944,1.00000001623251,0.817755745218212
826899.999879278,89100.4045248183,1.00000001643226,0.817354275879526
826999.999879255,89130.6394378546,1.00000001613577,0.817760779538456
827099.999879232,89160.8791118856,1.00000001592061,0.818486959174669
827199.999879209,89191.1237667414,1.00000001631249,0.818326481543923
827299.999879185,89221.373294083,1.00000001616015,0.818834343111128
827399.999879162,89251.6273435384,1.00000001588838,0.818498947092149
827499.999879139,89281.8855926694,1.00000001572045,0.818457275465904
827599.999879115,89312.1492350183,1.00000001586095,0.818021485789034
827699.999879092,89342.418110459,1.00000001614473,0.817614696172768
827799.999879069,89372.6930000992,1.00000001633976,0.817718815290265
827899.999879046,89402.9745778174,1.00000001599225,0.817685111774974
827999.999879022,89433.2622472679,1.0000000160323,0.818026330402938
828099.999878999,89463.5557938874,1.00000001601662,0.818082736857854
828199.999878976,89493.8550468818,1.00000001602143,0.818111705033198
828299.999878952,89524.1601417712,1.00000001614595,0.818135643726442
828399.999878929,89554.4694566349,1.00000001650424,0.819324737767706
828499.999878906,89584.7825666099,1.00000001608656,0.818802076345393
828599.999878883,89615.1002159589,1.00000001582966,0.817960088043933
828699.999878859,89645.423460188,1.00000001596536,0.817749952315619
828799.999878836,89675.753231931,1.00000001633178,0.817506755798694
828899.999878813,89706.0886237787,1.00000001603148,0.818149470864894
828999.999878789,89736.4301048445,1.00000001596286,0.818150343529236
829099.999878766,89766.7766650837,1.00000001596679,0.818482519684648
829199.999878743,89797.1300730661,1.00000001615168,0.817331655663234
829299.99987872,89827.4896522961,1.00000001558778,0.817740521852309
829399.999878696,89857.8552118563,1.00000001564706,0.818253252001245
829499.999878673,89888.2260456938,1.00000001557461,0.818673744279095
829599.99987865,89918.6018266365,1.00000001562085,0.818844859545527
829699.999878626,89948.9825707141,1.00000001656877,0.818679666555684
829799.999878603,89979.3688787193,1.00000001613797,0.817900968177944
829899.99987858,90009.7616363555,1.00000001604425,0.817920180546012
829999.999878557,90040.1606472873,1.00000001561162,0.817916635268187
830099.999878533,90070.5652918792,1.00000001645142,0.818063809268309
830199.99987851,90100.9752013045,1.00000001681847,0.818013733421538
830299.999878487,90131.3916876165,1.00000001554696,0.817890467730887
830399.999878463,90161.8145808444,1.00000001598526,0.81742302214394
830499.99987844,90192.244650854,1.00000001616248,0.817432994383484
830599.999878417,90222.6800353057,1.0000000162209,0.817706359982444
830699.999878394,90253.1199447936,1.00000001595737,0.817891406974561
830799.99987837,90283.5646881719,1.00000001560387,0.8180253490673
830899.999878347,90314.0150165532,1.00000001607476,0.818364829007683
830999.999878324,90344.4697813904,1.00000001653422,0.818244999571659
831099.9998783,90374.9284756483,1.00000001581162,0.818513721035475
831199.999878277,90405.3915925112,1.00000001640363,0.817824159230136
831299.999878254,90435.8591513774,1.00000001615191,0.818331963556304
831399.999878231,90466.3317539616,1.00000001593344,0.818295907533454
831499.999878207,90496.8094831371,1.00000001617658,0.818713992768489
831599.999878184,90527.2924339875,1.0000000161938,0.818217093503893
831699.999878161,90557.7815728284,1.00000001610826,0.817818182410737
831799.999878137,90588.2765720974,1.00000001600743,0.818115097131962
831899.999878114,90618.7770274722,1.00000001604938,0.818739858257324
831999.999878091,90649.2827642381,1.0000000158638,0.818423820650005
832099.999878068,90679.7940716618,1.00000001629416,0.818398389848242
832199.999878044,90710.3102125999,1.00000001616109,0.818952376352687
832299.999878021,90740.830244726,1.00000001631173,0.818427260342098
832399.999877998,90771.3555727456,1.00000001594539,0.818643939907018
832499.999877975,90801.8882792544,1.00000001568439,0.818305745345482
832599.999877951,90832.4284561553,1.00000001596672,0.818305067123415
832699.999877928,90862.9756763484,1.00000001648582,0.818016619623802
832799.999877905,90893.530544644,1.00000001647225,0.818529123042246
832899.999877881,90924.0924457999,1.00000001610175,0.81804570192721
832999.999877858,90954.6612763522,1.00000001620686,0.818474298300253
833099.999877835,90985.2357052599,1.00000001611767,0.81873674715331
833199.999877812,91015.8156990936,1.00000001596189,0.819009352642887
833299.999877788,91046.4006652449,1.00000001563682,0.81897208089006
833399.999877765,91076.9918823825,1.00000001575634,0.818373131796814
833499.999877742,91107.5886317961,1.00000001590022,0.818775082186478
833599.999877718,91138.189766223,1.000000016231,0.81850265126393
833699.999877695,91168.7960457945,1.00000001633826,0.818719075216167
833799.999877672,91199.4070736605,1.00000001627314,0.819173732095779
833899.999877649,91230.023009431,1.00000001588191,0.818406060158711
833999.999877625,91260.6442789326,1.00000001576472,0.818126148231511
834099.999877602,91291.2705343702,1.00000001659228,0.818530805689662
834199.999877579,91321.9019459716,1.00000001646527,0.818425360858341
834299.999877555,91352.5380329952,1.00000001603776,0.818218262394086
834399.999877532,91383.1787233504,1.000000016427,0.817782336344506
834499.999877509,91413.8247794567,1.00000001584223,0.817552066258494
834599.999877486,91444.4766207336,1.00000001585809,0.81776778676395
834699.999877462,91475.1348529731,1.00000001601165,0.818265623432563
834799.999877439,91505.7996054635,1.00000001610569,0.818295131732134
834899.999877416,91536.4703204958,1.00000001508599,0.818391962774099
834999.999877392,91567.1456976273,1.00000001576864,0.818921697316369
835099.999877369,91597.8259084254,1.0000000163561,0.819010953857131
835199.999877346,91628.5110523473,1.00000001653084,0.818935976016548
835299.999877323,91659.2019203034,1.00000001591689,0.818766590692578
835399.999877299,91689.8983633839,1.00000001606639,0.818624865592621
835499.999877276,91720.6002019591,1.00000001595838,0.818800291585612
835599.999877253,91751.3082739446,1.00000001576356,0.818150733185541
835699.999877229,91782.0232588241,1.00000001651738,0.818696233864524
835799.999877206,91812.7440153916,1.00000001611264,0.819044154395669
835899.999877183,91843.4695364457,1.00000001601706,0.819160469074098
835999.99987716,91874.198567299,1.00000001610408,0.819054699094402
836099.999877136,91904.9311157075,1.00000001609987,0.81910172271108
836199.999877113,91935.6684679273,1.00000001626213,0.818354109921358
836299.99987709,91966.4110203117,1.00000001611893,0.818903438499124
836399.999877066,91997.1594464032,1.00000001619379,0.818877385568193
836499.999877043,92027.9142303687,1.00000001626947,0.818412922458728
836599.99987702,92058.6757293482,1.00000001631598,0.818403712732375
836699.999876997,92089.4429600449,1.00000001638125,0.818364110595919
836799.999876973,92120.2150079635,1.00000001630483,0.818526044742035
836899.99987695,92150.990953409,1.00000001646981,0.818579585254879
836999.999876927,92181.7722257203,1.00000001642394,0.818332421176576
837099.999876903,92212.5590226667,1.00000001592388,0.819201577779714
837199.99987688,92243.3509612908,1.00000001598724,0.819787455064954
837299.999876857,92274.1480174297,1.00000001593809,0.819285891272972
837399.999876834,92304.9498372094,1.00000001586222,0.818851512668467
837499.99987681,92335.7570985205,1.00000001680804,0.818096697323398
837599.999876787,92366.5707861861,1.00000001588519,0.818156097032142
837699.999876764,92397.3904317338,1.00000001647867,0.818016218678244
837799.999876741,92428.2159113307,1.00000001559633,0.818163403175769
837899.999876717,92459.047020559,1.00000001641071,0.818884615471607
837999.999876694,92489.8832297414,1.00000001634729,0.819317816191
838099.999876671,92520.7253120374,1.00000001675265,0.818862120519913
838199.999876647,92551.5731774991,1.00000001587953,0.818962152535919
838299.999876624,92582.427339449,1.00000001566947,0.819519887151956
838399.999876601,92613.2857682823,1.00000001606347,0.819930261002802
838499.999876578,92644.148563551,1.00000001584441,0.81958257934487
838599.999876554,92675.0157399569,1.000000016277,0.819231328441011
838699.999876531,92705.8877182328,1.00000001559506,0.819083395812209
838799.999876508,92736.7648030692,1.00000001634718,0.818954817150942
838899.999876484,92767.6475866064,1.00000001609284,0.818663878414766
838999.999876461,92798.5366939148,1.00000001647751,0.818636986157067
839099.999876438,92829.4313313863,1.00000001644041,0.818299069050189
839199.999876415,92860.332564104,1.00000001565524,0.81900818768789
839299.999876391,92891.2408428752,1.00000001659455,0.818574127412411
839399.999876368,92922.1565061168,1.00000001569452,0.818382832814787
839499.999876345,92953.078730682,1.00000001596302,0.818718367812473
839599.999876321,92984.0063440167,1.00000001598877,0.819410621377299
839699.999876298,93014.9396092727,1.0000000161219,0.819346910022166
839799.999876275,93045.8785161026,1.00000001625404,0.819249288066758
839899.999876252,93076.8237318266,1.00000001594562,0.818543380640891
839999.999876228,93107.774149276,1.00000001666599,0.818597675915731
840099.999876205,93138.7299404115,1.00000001629957,0.818877340991233
840199.999876182,93169.6906588707,1.00000001639279,0.81947191634856
840299.999876158,93200.655591052,1.00000001594359,0.818994945328672
840399.999876135,93231.6255066435,1.00000001555402,0.819162420993021
840499.999876112,93262.5992142826,1.00000001653514,0.819023085584687
840599.999876089,93293.5781042433,1.00000001645838,0.819244195604385
840699.999876065,93324.5611118959,1.00000001650396,0.819934108272599
840799.999876042,93355.5485613609,1.00000001627561,0.819260015632195
840899.999876019,93386.5404728896,1.0000000164339,0.819336677855976
840999.999875995,93417.5378344841,1.00000001620779,0.818933902801819
841099.999875972,93448.5412341612,1.00000001645462,0.819097618786966
841199.999875949,93479.5504314266,1.00000001599403,0.819830429885948
841299.999875926,93510.5653326171,1.00000001608163,0.81967218879411
841399.999875902,93541.5853661899,1.0000000159685,0.819015945219031
841499.999875879,93572.6114567483,1.00000001608975,0.819031627596676
841599.999875856,93603.6430496358,1.0000000162949,0.819546335849485
841699.999875832,93634.6798630552,1.00000001609163,0.820250922691212
841799.999875809,93665.722482982,1.00000001563834,0.819749629751115
841899.999875786,93696.7706283735,1.00000001594719,0.820104889721545
841999.999875763,93727.824174658,1.00000001600865,0.81940393617869
842099.999875739,93758.8842757372,1.00000001581924,0.81971649007888
842199.999875716,93789.9498462362,1.00000001694877,0.819506766574199
842299.999875693,93821.0209739488,1.00000001649904,0.819447947535501
842399.999875669,93852.0983175898,1.00000001604793,0.819788288122845
842499.999875646,93883.1809890909,1.00000001628142,0.819600231693151
842599.999875623,93914.2690230585,1.00000001637423,0.819000306925971
842699.9998756,93945.3633041911,1.00000001643704,0.818475162016131
842799.999875576,93976.4629105418,1.00000001615526,0.819644823411909
842899.999875553,94007.5671785568,1.0000000164522,0.819710073577701
842999.99987553,94038.6774019361,1.00000001624329,0.819465346429933
843099.999875507,94069.7943533791,1.00000001645804,0.819687834213747
843199.999875483,94100.9171145788,1.00000001630192,0.819881678360385
843299.99987546,94132.0455142213,1.00000001597457,0.819743253375177
843399.999875437,94163.1794748239,1.00000001587036,0.819289208959705
843499.999875413,94194.3182106177,1.00000001594409,0.819454510537592
843599.99987539,94225.4627808413,1.00000001661322,0.819160227444274
843699.999875367,94256.6122812493,1.00000001587053,0.818743241768579
843799.999875344,94287.7679681246,1.0000000164007,0.818832439863332
843899.99987532,94318.9316126195,1.00000001601188,0.818625788003424
843999.999875297,94350.1012440316,1.00000001559064,0.819299511157701
844099.999875274,94381.2763810985,1.00000001635114,0.818930867832208
844199.99987525,94412.4571894928,1.00000001599289,0.819098652523706
844299.999875227,94443.6436468618,1.00000001616153,0.819174528800315
844399.999875204,94474.8352366943,1.00000001632445,0.819911427609947
844499.999875181,94506.0322259132,1.00000001645282,0.819893736427358
844599.999875157,94537.2338987937,1.00000001626969,0.81907719393708
844699.999875134,94568.4404405883,1.00000001655131,0.81927077404188
844799.999875111,94599.6527648351,1.00000001614039,0.818974800666328
844899.999875087,94630.8707426099,1.00000001649916,0.818770908345027
844999.999875064,94662.0951216865,1.00000001595224,0.819800034155832
845099.999875041,94693.3248701474,1.00000001627124,0.820155730350024
845199.999875018,94724.560091047,1.00000001591756,0.819765025514189
845299.999874994,94755.8011996126,1.00000001630944,0.819603367622706
845399.999874971,94787.0474321717,1.00000001622027,0.819914154722767
845499.999874948,94818.2983765304,1.00000001596403,0.819963312167494
845599.999874924,94849.5546280767,1.00000001637231,0.819647359439859
845699.999874901,94880.8163686489,1.00000001663228,0.819262182719374
845799.999874878,94912.0838740309,1.00000001702842,0.819099340109838
845899.999874855,94943.3573591051,1.00000001616784,0.819523577636981
845999.999874831,94974.635051537,1.00000001601053,0.819602110796595
846099.999874808,95005.916051483,1.00000001577156,0.820523110443358
846199.999874785,95037.1998634861,1.00000001570886,0.820149857663793
846299.999874761,95068.4871373536,1.00000001627343,0.819680286320191
846399.999874738,95099.7790336988,1.00000001634379,0.819210974854841
846499.999874715,95131.0765462024,1.00000001673224,0.819231693558392
846599.999874692,95162.3802345078,1.00000001588285,0.819981684645602
846699.999874668,95193.6892897525,1.00000001639353,0.820152236335482
846799.999874645,95225.0036939282,1.00000001565495,0.820601966427609
846899.999874622,95256.3226071745,1.00000001623068,0.819866799631496
846999.999874598,95287.6475035412,1.00000001613877,0.819525454783469
847099.999874575,95318.9779339597,1.00000001648652,0.819679079369003
847199.999874552,95350.3136363279,1.00000001590465,0.819393033292476
847299.999874529,95381.6551738835,1.00000001603343,0.818993732301483
847399.999874505,95413.0033646279,1.00000001648575,0.819342012418001
847499.999874482,95444.358051885,1.00000001602385,0.818912085527166
847599.999874459,95475.7181663467,1.0000000167249,0.819138469758297
847699.999874435,95507.0833886062,1.00000001611419,0.818878922446264
847799.999874412,95538.4543151789,1.00000001632656,0.819241514054908
847899.999874389,95569.8319141058,1.00000001614534,0.819568186973209
847999.999874366,95601.2156630131,1.00000001617754,0.820088123530737
848099.999874342,95632.6047871102,1.00000001623453,0.819914127911289
848199.999874319,95663.9998108279,1.00000001601578,0.819414814220787
848299.999874296,95695.400634183,1.00000001651154,0.819140472921415
848399.999874273,95726.80809806,1.00000001642712,0.819841785328371
848499.999874249,95758.2202666724,1.00000001597193,0.819480523055553
848599.999874226,95789.6371610319,1.0000000161038,0.819135407763657
848699.999874203,95821.0592505122,1.00000001646196,0.819316346632698
848799.999874179,95852.4868782989,1.00000001591746,0.819945289050503
848899.999874156,95883.9199676989,1.00000001589037,0.81999967462619
848999.999874133,95915.3578362811,1.00000001610757,0.819297696612664
849099.99987411,95946.8027290781,1.00000001639366,0.819563063608086
849199.999874086,95978.2554123066,1.00000001628915,0.819918446287012
849299.999874063,96009.7145008162,1.0000000162067,0.819665421233201
849399.99987404,96041.1800108653,1.00000001643866,0.819326688584179
849499.999874016,96072.650642181,1.00000001586989,0.819298869631867
849599.999873993,96104.1263660151,1.00000001649556,0.819383438270385
849699.99987397,96135.6073387325,1.00000001576653,0.818746475657069
849799.999873947,96167.0933441229,1.0000000162955,0.818920646560763
849899.999873923,96198.5844749758,1.00000001591006,0.819345477555206
849999.9998739,96230.0815336184,1.00000001645519,0.819429815336751
850099.999873877,96261.58383969,1.00000001637041,0.818827372119131
850199.999873853,96293.0920364626,1.00000001641632,0.818885787440594
850299.99987383,96324.6054709156,1.00000001642914,0.818615198862105
850399.999873807,96356.1242641639,1.0000000159092,0.819483123580639
850499.999873784,96387.6478356062,1.00000001663284,0.820199803445513
850599.99987376,96419.1752446645,1.00000001606922,0.820424950741643
850699.999873737,96450.7067368981,1.00000001607477,0.819546091902273
850799.999873714,96482.242440705,1.00000001649708,0.819693189401747
850899.99987369,96513.7839250312,1.0000000162065,0.818732881993403
850999.999873667,96545.3305361759,1.00000001634671,0.818754748136933
851099.999873644,96576.8828711596,1.00000001558833,0.818945775438152
851199.999873621,96608.439984687,1.0000000161772,0.819135609066575
851299.999873597,96640.0023666058,1.00000001632104,0.819113443764522
851399.999873574,96671.5707801499,1.00000001621918,0.819245585669343
851499.999873551,96703.1448484608,1.00000001610179,0.819417043303685
851599.999873527,96734.7242441151,1.0000000157889,0.819614640819387
851699.999873504,96766.3092330825,1.00000001662274,0.819520436651036
851799.999873481,96797.8986364916,1.00000001628751,0.819727194240283
851899.999873458,96829.4935299983,1.00000001593453,0.81984470357215
851999.999873434,96861.0932733195,1.00000001612331,0.81948570269909
852099.999873411,96892.6980228878,1.00000001652976,0.81967873184874
852199.999873388,96924.3079609602,1.00000001639362,0.819915460748894
852299.999873364,96955.9225920088,1.00000001653413,0.819907227781844
852399.999873341,96987.5422223569,1.00000001650966,0.820068222829544
852499.999873318,97019.1671333243,1.00000001662867,0.819933007799082
852599.999873295,97050.7977066562,1.00000001600636,0.820169347481848
852699.999873271,97082.4331443792,1.00000001621636,0.819787768879527
852799.999873248,97114.075113565,1.00000001647251,0.8192576747196
852899.999873225,97145.7242987759,1.00000001653654,0.819161345324731
852999.999873201,97177.3810774034,1.00000001636201,0.819152205934005
853099.999873178,97209.0444083176,1.00000001594445,0.81962127739665
853199.999873155,97240.7127684835,1.0000000162703,0.819649075895321
853299.999873132,97272.387299536,1.00000001614398,0.819344064341343
853399.999873108,97304.067963637,1.000000016432,0.820213863010081
853499.999873085,97335.7538605645,1.00000001608313,0.8206990150505
853599.999873062,97367.4436975704,1.00000001666717,0.820192308350921
853699.999873038,97399.1391310324,1.00000001606664,0.820415566384922
853799.999873015,97430.8396983529,1.00000001634713,0.819787813738654
853899.999872992,97462.5448184341,1.00000001665221,0.819808650251617
853999.999872969,97494.2547914959,1.0000000165465,0.819284450674742
854099.999872945,97525.9699425497,1.00000001626488,0.819541330211928
854199.999872922,97557.6916982742,1.00000001617759,0.819729082301416
854299.999872899,97589.4194394338,1.00000001660279,0.819440510797784
854399.999872876,97621.1531974755,1.00000001635386,0.820206726665957
854499.999872852,97652.8926457913,1.00000001604188,0.820241069833371
854599.999872829,97684.6382809297,1.00000001658834,0.81977854093497
854699.999872806,97716.3897724883,1.00000001623891,0.819502621597189
854799.999872782,97748.1468527373,1.00000001650182,0.819118110598222
854899.999872759,97779.9102431394,1.00000001675146,0.819803787599823
854999.999872736,97811.6788960911,1.00000001618435,0.819987894229472
855099.999872713,97843.4529231954,1.00000001650996,0.820592467282227
855199.999872689,97875.231306071,1.00000001632271,0.81981845209618
855299.999872666,97907.0141428328,1.00000001648038,0.820562560308759
855399.999872643,97938.8006102453,1.00000001651913,0.8200739236875
855499.999872619,97970.5906825442,1.00000001638705,0.819831644808912
855599.999872596,98002.3852363046,1.00000001643439,0.820258629994139
855699.999872573,98034.1851056983,1.00000001614531,0.820649765793705
855799.99987255,98065.9905991166,1.00000001663823,0.820278443627443
855899.999872526,98097.8007702459,1.00000001637891,0.820548310217134
855999.999872503,98129.6152624399,1.00000001649605,0.820049212001164
856099.99987248,98161.4342073007,1.00000001617524,0.819778113320115
856199.999872456,98193.2585406051,1.00000001697222,0.819984495989928
856299.999872433,98225.0886019816,1.00000001645019,0.821274155540602
856399.99987241,98256.9243563022,1.00000001628539,0.820836489683656
856499.999872387,98288.7649588354,1.00000001658526,0.820693532018865
856599.999872363,98320.6106991884,1.00000001634181,0.819850555304569
856699.99987234,98352.4621325255,1.00000001627416,0.8196107336737
856799.999872317,98384.3193488324,1.00000001637678,0.819984241932464
856899.999872293,98416.1832027498,1.00000001638877,0.820458787621259
856999.99987227,98448.0526955363,1.00000001686491,0.820290246601879
857099.999872247,98479.9276690134,1.00000001625867,0.820355892484359
857199.999872224,98511.8065166947,1.00000001692368,0.820921162890207
857299.9998722,98543.6892936309,1.00000001644337,0.820418513762277
857399.999872177,98575.5762054414,1.00000001658516,0.820787322447403
857499.999872154,98607.467962633,1.000000016186,0.820301052289865
857599.99987213,98639.3650731644,1.00000001639456,0.820349393539286
857699.999872107,98671.2685446322,1.00000001672827,0.821010471335016
857799.999872084,98703.1782771249,1.00000001570857,0.82080447630998
857899.999872061,98735.0932143634,1.0000000165688,0.820605163883973
857999.999872037,98767.0129443269,1.00000001650188,0.821037819317578
858099.999872014,98798.9385261861,1.00000001704118,0.820833988385322
858199.999871991,98830.8693750812,1.00000001612323,0.820401376398241
858299.999871967,98862.8057059681,1.00000001609904,0.820074962885936
858399.999871944,98894.7473871898,1.00000001623072,0.820284421152325
858499.999871921,98926.6947337835,1.00000001651289,0.820156143808517
858599.999871898,98958.6486946211,1.00000001633872,0.820062855004036
858699.999871874,98990.6083736722,1.00000001684232,0.820052318781142
858799.999871851,99022.5732869647,1.00000001637964,0.82035261788706
858899.999871828,99054.5427636341,1.00000001602193,0.820303130824443
858999.999871804,99086.518152181,1.00000001652838,0.820818632380233
859099.999871781,99118.4992608719,1.00000001640843,0.820858901249973
859199.999871758,99150.4863361296,1.00000001661872,0.820841779239939
859299.999871735,99182.4788341223,1.00000001635732,0.820460506679327
859399.999871711,99214.4766873337,1.00000001677276,0.820398631563318
859499.999871688,99246.4798408849,1.00000001589161,0.820244787026276
859599.999871665,99278.4875546945,1.00000001689953,0.820410291545351
859699.999871642,99310.5003055551,1.0000000164064,0.819925504133222
859799.999871618,99342.5189542465,1.00000001665775,0.820460524957604
859899.999871595,99374.5440339323,1.00000001609752,0.820038639656812
859999.999871572,99406.5753535718,1.000000016844,0.820156243378339
860099.999871548,99438.6119047849,1.0000000162705,0.819831314933597
860199.999871525,99470.6537301676,1.00000001659047,0.820209610990952
860299.999871502,99502.7013526596,1.00000001679293,0.820432322521277
860399.999871479,99534.7551232756,1.00000001667811,0.820439557713494
860499.999871455,99566.8146110981,1.00000001597445,0.820400097328996
860599.999871432,99598.8799455498,1.00000001608555,0.820466459481604
860699.999871409,99630.9511169811,1.00000001607296,0.820512645445198
860799.999871385,99663.0279378854,1.00000001622851,0.821107612940172
860899.999871362,99695.1105586319,1.00000001596362,0.820377689426856
860999.999871339,99727.1988426595,1.0000000162631,0.820053025699108
861099.999871316,99759.2933525651,1.00000001642202,0.820686438661901
861199.999871292,99791.3928648748,1.00000001653427,0.820242077245617
861299.999871269,99823.4994785375,1.00000001651981,0.819758885848151
861399.999871246,99855.6123047752,1.00000001674985,0.819593901487832
861499.999871222,99887.7317870719,1.00000001618437,0.819287803858658
861599.999871199,99919.8571392243,1.00000001635768,0.819834084570761
861699.999871176,99951.9877585915,1.00000001665314,0.820253800871709
861799.999871153,99984.1239259717,1.00000001607054,0.820758304015772
861899.999871129,100016.265631439,1.000000016516,0.821017694391552
861999.999871106,100048.413251402,1.00000001689564,0.820359166522367
862099.999871083,100080.565296397,1.00000001634115,0.820874198830426
862199.999871059,100112.722360286,1.0000000165003,0.820680239492671
862299.999871036,100144.885105491,1.00000001629249,0.820854637521393
862399.999871013,100177.052910547,1.00000001608625,0.820118423235117
862499.99987099,100209.226414942,1.0000000165192,0.820017335309012
862599.999870966,100241.406176629,1.00000001606147,0.820376516389715
862699.999870943,100273.591488848,1.00000001693505,0.820376990091632
862799.99987092,100305.781153121,1.00000001653829,0.820527532388059
862899.999870896,100337.974203353,1.00000001631268,0.820975694369688
862999.999870873,100370.171095721,1.00000001625839,0.8211099640267
863099.99987085,100402.372715747,1.00000001629672,0.820508404851883
863199.999870827,100434.579622887,1.00000001601148,0.819662585861915
863299.999870803,100466.791970355,1.00000001664912,0.819819316430647
863399.99987078,100499.009822076,1.00000001593842,0.820033879898046
863499.999870757,100531.232787709,1.00000001641805,0.820251968910628
863599.999870733,100563.461583518,1.00000001681206,0.821101917496302
863699.99987071,100595.695186607,1.00000001645572,0.820907668135098
863799.999870687,100627.933656911,1.00000001631217,0.820680005142795
863899.999870664,100660.176712031,1.00000001650224,0.820890935813037
863999.99987064,100692.424193258,1.00000001647085,0.820834667771319
864099.999870617,100724.676740632,1.00000001657095,0.820757466996495
864199.999870594,100756.934926758,1.00000001672601,0.820267004311924
864299.99987057,100789.198866335,1.0000000165079,0.820672175454294
864399.999870547,100821.468471363,1.00000001693955,0.8198999784795
864499.999870524,100853.744326427,1.00000001605108,0.820556281580551
864599.999870501,100886.025557941,1.00000001637802,0.820741069752651
864699.999870477,100918.312277649,1.00000001656447,0.821152687815327
864799.999870454,100950.603871406,1.00000001625663,0.821616855760401
864899.999870431,100982.89966167,1.00000001603064,0.821462389024684
864999.999870408,101015.201251977,1.0000000166524,0.821229238527759
865099.999870384,101047.5088527,1.0000000162687,0.820190550013363
865199.999870361,101079.822211909,1.00000001653491,0.820505930902001
865299.999870338,101112.141043152,1.00000001656526,0.820758687516339
865399.999870314,101144.466090981,1.00000001651527,0.820359068573464
865499.999870291,101176.797448816,1.00000001655835,0.820738618334027
865599.999870268,101209.135242835,1.00000001671535,0.820887724817718
865699.999870245,101241.478181743,1.00000001640112,0.821141704743787
865799.999870221,101273.826733637,1.00000001652947,0.8202062078252
865899.999870198,101306.181912494,1.00000001677606,0.820122012921636
865999.999870175,101338.542996178,1.00000001684162,0.820913207809985
866099.999870151,101370.909919064,1.0000000170656,0.821073275365538
866199.999870128,101403.282982063,1.00000001686165,0.820522168160307
866299.999870105,101435.661629624,1.00000001632753,0.821200140123635
866399.999870082,101468.045155184,1.00000001663624,0.821003393678432
866499.999870058,101500.433894802,1.00000001609195,0.821326456164938
866599.999870035,101532.827092815,1.00000001687166,0.82076068949355
866699.999870012,101565.225061916,1.00000001631651,0.821235990644064
866799.999869988,101597.627636206,1.00000001628001,0.820690537603578
866899.999869965,101630.034919155,1.00000001611632,0.82074826320485
866999.999869942,101662.447481589,1.00000001636691,0.821398612002953
867099.999869919,101694.86456873,1.00000001665742,0.820878658429815
867199.999869895,101727.287355233,1.00000001721797,0.821011165699771
867299.999869872,101759.715848627,1.00000001619836,0.820673869027207
867399.999869849,101792.14972262,1.00000001614557,0.821174062500004
867499.999869825,101824.5882487,1.00000001673568,0.821142379601147
867599.999869802,101857.033516267,1.00000001616165,0.82070747037536
867699.999869779,101889.485241103,1.00000001626842,0.820815653539109
867799.999869756,101921.942783575,1.00000001659963,0.821310240983703
867899.999869732,101954.405873888,1.0000000161986,0.820718107945159
867999.999869709,101986.874824173,1.00000001689836,0.821050926695165
868099.999869686,102019.349443974,1.00000001609039,0.820845009408681
868199.999869662,102051.829918029,1.00000001676108,0.820715049143573
868299.999869639,102084.317393803,1.00000001652554,0.820273501512259
868399.999869616,102116.811264456,1.00000001585742,0.820649820961324
868499.999869593,102149.310844454,1.00000001596612,0.820840408168253
868599.999869569,102181.816170484,1.00000001618948,0.820823541827879
868699.999869546,102214.326388353,1.00000001681115,0.821154125257123
868799.999869523,102246.841567883,1.00000001620714,0.820575763956033
868899.999869499,102279.361820107,1.00000001584139,0.82096331589066
868999.999869476,102311.886487049,1.00000001632221,0.821626379862031
869099.999869453,102344.41591212,1.00000001657249,0.821580349427798
869199.99986943,102376.950409433,1.00000001652933,0.821431867030065
869299.999869406,102409.490115901,1.00000001640274,0.821521124121179
869399.999869383,102442.036149114,1.00000001667265,0.821415328502308
869499.99986936,102474.587986282,1.00000001624619,0.821145234278579
869599.999869336,102507.144076046,1.00000001670505,0.821036277918439
869699.999869313,102539.705423462,1.0000000162744,0.821232942698774
869799.99986929,102572.271789199,1.00000001645084,0.821178324006128
869899.999869267,102604.843124179,1.00000001702342,0.82167126221959
869999.999869243,102637.420171863,1.00000001634384,0.821471557942338
870099.99986922,102670.001939236,1.00000001602855,0.821020538004374
870199.999869197,102702.588848862,1.00000001652818,0.821329290211617
870299.999869174,102735.180320854,1.00000001638641,0.821482826919192
870399.99986915,102767.776894535,1.00000001692775,0.821190848798459
870499.999869127,102800.378366776,1.00000001679588,0.820850301489231
870599.999869104,102832.984006517,1.00000001657522,0.82091068404679
870699.99986908,102865.593229839,1.00000001612033,0.820910458808104
870799.999869057,102898.20539921,1.000000016716,0.820699427999998
870899.999869034,102930.822465086,1.00000001627278,0.820649194941784
870999.999869011,102963.444107035,1.00000001638811,0.820860082898632
871099.999868987,102996.070535813,1.00000001673674,0.821262648273768
871199.999868964,103028.702311763,1.00000001653161,0.821626983619084
871299.999868941,103061.340428823,1.00000001626635,0.821000569868246
871399.999868917,103093.983817833,1.00000001718007,0.821204870074473
871499.999868894,103126.632702575,1.0000000162716,0.821514146335346
871599.999868871,103159.287991462,1.00000001658067,0.820116569463783
871699.999868848,103191.948303729,1.00000001634968,0.820919036293509
871799.999868824,103224.614193231,1.00000001682156,0.821137377091717
871899.999868801,103257.28592344,1.00000001654983,0.821099111691859
871999.999868778,103289.962885269,1.00000001635711,0.820507868214953
872099.999868754,103322.645553232,1.00000001641317,0.82073020934886
872199.999868731,103355.332892527,1.00000001651968,0.820252333037655
872299.999868708,103388.024760113,1.00000001649717,0.820604900660048
872399.999868685,103420.722902302,1.00000001685782,0.820680691302553
872499.999868661,103453.428014909,1.00000001666632,0.820770139540798
872599.999868638,103486.139424417,1.00000001681847,0.821490728729081
872699.999868615,103518.857147232,1.0000000160936,0.821245609007536
872799.999868591,103551.580884309,1.00000001659346,0.821002982417165
872899.999868568,103584.310265987,1.00000001659371,0.821203630617548
872999.999868545,103617.04508819,1.00000001642284,0.820575925172963
873099.999868522,103649.785980446,1.00000001586539,0.820630064108097
873199.999868498,103682.532914654,1.00000001641064,0.821433492861959
873299.999868475,103715.284838474,1.00000001668768,0.821190007047086
873399.999868452,103748.04284801,1.00000001637103,0.82148706505253
873499.999868428,103780.806129336,1.00000001638286,0.821380080477764
873599.999868405,103813.575262943,1.00000001648468,0.821721186443602
873699.999868382,103846.349151738,1.00000001667258,0.821999879832818
873799.999868359,103879.128543043,1.00000001684961,0.821370827127317
873899.999868335,103911.914079502,1.00000001660903,0.821075052897942
873999.999868312,103944.70486509,1.000000016931,0.821128415890748
874099.999868289,103977.502204241,1.00000001695889,0.821964751789561
874199.999868265,104010.305320628,1.00000001666339,0.822330999856708
874299.999868242,104043.113506655,1.00000001679209,0.822178310252231
874399.999868219,104075.927864846,1.00000001669983,0.821651687377525
874499.999868196,104108.748862931,1.00000001634867,0.821216320251005
874599.999868172,104141.57579813,1.00000001691105,0.821829129677788
874699.999868149,104174.408244124,1.00000001707596,0.821938887312518
874799.999868126,104207.247124373,1.0000000169741,0.821676197105954
874899.999868102,104240.09235374,1.00000001668204,0.82135350125505
874999.999868079,104272.943896659,1.00000001674249,0.821393420118454
875099.999868056,104305.801106294,1.00000001629229,0.822025350587069
875199.999868033,104338.66403108,1.00000001642876,0.822047849927564
875299.999868009,104371.532345879,1.00000001653582,0.822379235666273
875399.999867986,104404.406479799,1.00000001667886,0.821878176282418
875499.999867963,104437.285588787,1.00000001688096,0.822212828437127
875599.99986794,104470.170117157,1.00000001624867,0.822184859098087
875699.999867916,104503.059293738,1.00000001717149,0.821533525870939
875799.999867893,104535.953549081,1.00000001602125,0.821657738113175
875899.99986787,104568.852489241,1.00000001622262,0.820912777587193
875999.999867846,104601.756248077,1.00000001653907,0.820631949938951
876099.999867823,104634.665139314,1.00000001682134,0.821216333569443
876199.9998678,104667.579782776,1.00000001695336,0.821615193800268
876299.999867777,104700.500067177,1.00000001659485,0.822397354690544
876399.999867753,104733.426095196,1.00000001757161,0.82254391986271
876499.99986773,104766.356690117,1.00000001658506,0.82248525626649
876599.999867707,104799.292275529,1.00000001628618,0.821780408448869
876699.999867683,104832.233823603,1.00000001597282,0.821931619972389
876799.99986766,104865.181142947,1.00000001674948,0.821646903198553
876899.999867637,104898.134257853,1.00000001643377,0.821320900222947
876999.999867614,104931.09403414,1.00000001676567,0.821717687191898
877099.99986759,104964.0590403,1.00000001656034,0.822002873820006
877199.999867567,104997.030176469,1.00000001676204,0.822130272601628
877299.999867544,105030.007103292,1.00000001670782,0.821818951555635
877399.99986752,105062.989179952,1.00000001667161,0.822114974871417
877499.999867497,105095.975550517,1.00000001619696,0.821798058174184
877599.999867474,105128.967388121,1.0000000165839,0.82218470782633
877699.999867451,105161.96495241,1.00000001648132,0.821707821441334
877799.999867427,105194.96713989,1.00000001687698,0.821559085759093
877899.999867404,105227.975003631,1.00000001604172,0.821187921159068
877999.999867381,105260.988595658,1.00000001657859,0.821288254201853
878099.999867357,105294.008589385,1.00000001608803,0.821473181278247
878199.999867334,105327.034261146,1.00000001715101,0.8223391351077
878299.999867311,105360.065117226,1.00000001686724,0.822433523809827
878399.999867288,105393.100570213,1.00000001694283,0.821573593665437
878499.999867264,105426.14148213,1.00000001658843,0.821506066547355
878599.999867241,105459.188072203,1.00000001678749,0.821566607236044
878699.999867218,105492.240091715,1.00000001695461,0.822023498716448
878799.999867194,105525.297121632,1.00000001663685,0.821818739688268
878899.999867171,105558.358563075,1.0000000161467,0.822523115947916
878999.999867148,105591.424570199,1.00000001709012,0.822703316362633
879099.999867125,105624.495222316,1.00000001629027,0.822685724821852
879199.999867101,105657.569990557,1.00000001687394,0.822224618984286
879299.999867078,105690.649710922,1.00000001672377,0.822052921839724
879399.999867055,105723.733921638,1.00000001701665,0.820900011798688
879499.999867031,105756.823218793,1.00000001709776,0.821234431976811
879599.999867008,105789.917252959,1.00000001655192,0.820961674466283
879699.999866985,105823.016505939,1.00000001623098,0.820548512137597
879799.999866962,105856.120528113,1.00000001650683,0.821160597106137
879899.999866938,105889.22906955,1.00000001665329,0.821097291549088
879999.999866915,105922.342094987,1.00000001662939,0.821471378412147
880099.999866892,105955.459996029,1.00000001662811,0.82145210629431
880199.999866868,105988.583666641,1.00000001656636,0.821956718770952
880299.999866845,106021.712339473,1.0000000166503,0.821893819421629
880399.999866822,106054.845925426,1.00000001668823,0.821913455466488
880499.999866799,106087.983688655,1.0000000165455,0.821964873989408
880599.999866775,106121.126716623,1.00000001691444,0.821695680966382
880699.999866752,106154.275583121,1.00000001666048,0.821931734915174
880799.999866729,106187.43081558,1.00000001653816,0.821762864911782
880899.999866706,106220.592303661,1.00000001675208,0.821900740481848
880999.999866682,106253.760453768,1.00000001644689,0.82182026978492
881099.999866659,106286.935244692,1.00000001683714,0.821557298503618
881199.999866636,106320.116473401,1.00000001714078,0.822231055100118
881299.999866612,106353.302953918,1.00000001686902,0.822351821989619
881399.999866589,106386.495496307,1.0000000166531,0.822601439098516
881499.999866566,106419.694079234,1.0000000169748,0.822177802790995
881599.999866543,106452.899503179,1.00000001666401,0.821544369047223
881699.999866519,106486.111658045,1.00000001659936,0.822129256687538
881799.999866496,106519.331355071,1.00000001688556,0.821114825579539
881899.999866473,106552.558023115,1.00000001655193,0.821785176989169
881999.999866449,106585.791159704,1.00000001689003,0.821399119300447
882099.999866426,106619.030046017,1.00000001712877,0.822112229732475
882199.999866403,106652.274221585,1.0000000165122,0.82189696633033
882299.99986638,106685.524146076,1.00000001662998,0.822308788543954
882399.999866356,106718.778447544,1.00000001636134,0.822651717962655
882499.999866333,106752.038059907,1.0000000160122,0.822033734260937
882599.99986631,106785.303323195,1.00000001708608,0.821901237330688
882699.999866286,106818.573630428,1.0000000163486,0.822070330812605
882799.999866263,106851.8500019,1.00000001617615,0.821928882811445
882899.99986624,106885.131913579,1.00000001737404,0.82237744342246
882999.999866217,106918.420231873,1.00000001645096,0.822323688917022
883099.999866193,106951.714501779,1.00000001694979,0.822006586893223
883199.99986617,106985.015073094,1.0000000168572,0.82199029016835
883299.999866147,107018.320258992,1.00000001649041,0.822863179192142
883399.999866123,107051.630423075,1.00000001679435,0.822632549367905
883499.9998661,107084.946524662,1.00000001638657,0.821781230364494
883599.999866077,107118.269465549,1.00000001685487,0.821585480170073
883699.999866054,107151.598918483,1.00000001745842,0.821558538656443
883799.99986603,107184.933854938,1.00000001665469,0.822072887923317
883899.999866007,107218.273679841,1.0000000170528,0.82210774823468
883999.999865984,107251.61823305,1.00000001714921,0.82209985326035
884099.99986596,107284.966971617,1.00000001669081,0.821726195677918
884199.999865937,107318.319260124,1.00000001678313,0.821604092582609
884299.999865914,107351.676068229,1.00000001661495,0.821534193543681
884399.999865891,107385.03742415,1.00000001642839,0.821825112398448
884499.999865867,107418.403595317,1.00000001686581,0.821626456288353
884599.999865844,107451.775582362,1.00000001664138,0.822271928681525
884699.999865821,107485.153694746,1.000000016929,0.821983518643354
884799.999865797,107518.537765346,1.00000001692914,0.821757560248012
884899.999865774,107551.927842457,1.00000001643416,0.822194750972309
884999.999865751,107585.323980906,1.00000001708595,0.822654884449936
885099.999865728,107618.726928616,1.00000001618444,0.822116728229136
885199.999865704,107652.135038761,1.00000001715032,0.822786449750337
885299.999865681,107685.547788096,1.00000001705859,0.82251608332048
885399.999865658,107718.964901937,1.00000001703779,0.823212530348439
885499.999865634,107752.385862578,1.00000001629621,0.822812206318371
885599.999865611,107785.811501774,1.00000001666765,0.822017656287461
885699.999865588,107819.242657347,1.00000001662154,0.821594277764709
885799.999865565,107852.679002469,1.00000001710532,0.822020405939545
885899.999865541,107886.120605209,1.00000001697872,0.822519044767492
885999.999865518,107919.567759144,1.00000001667852,0.822328915834688
886099.999865495,107953.020014219,1.0000000170826,0.822396535571601
886199.999865472,107986.478363114,1.0000000171066,0.821741245900525
886299.999865448,108019.943504403,1.00000001694676,0.821398632128779
886399.999865425,108053.414680337,1.00000001687385,0.821529157334297
886499.999865402,108086.891614743,1.00000001686003,0.82149868898803
886599.999865378,108120.373778692,1.00000001665386,0.822117183727053
886699.999865355,108153.861652766,1.00000001654859,0.821904264868053
886799.999865332,108187.355059229,1.00000001652328,0.821625267591913
886899.999865309,108220.854221018,1.00000001688827,0.822176154107606
886999.999865285,108254.357481807,1.00000001636688,0.822187101862841
887099.999865262,108287.865475696,1.00000001679789,0.821780151500854
887199.999865239,108321.378197506,1.00000001607374,0.822071803971843
887299.999865215,108354.896086532,1.00000001677787,0.822479586349694
887399.999865192,108388.417994449,1.00000001684215,0.822258558373354
887499.999865169,108421.944119467,1.00000001660791,0.821714453490732
887599.999865146,108455.474360709,1.00000001660025,0.82207048126683
887699.999865122,108489.009370167,1.00000001600981,0.822499147834682
887799.999865099,108522.549715098,1.00000001706077,0.822164307867337
887899.999865076,108556.095655971,1.00000001694737,0.821673911962664
887999.999865052,108589.647069341,1.00000001694027,0.821769332523571
888099.999865029,108623.204564916,1.00000001676765,0.821878009151032
888199.999865006,108656.767887467,1.00000001612883,0.822397375615004
888299.999864983,108690.33835729,1.00000001680587,0.822540347435035
888399.999864959,108723.915008559,1.00000001667725,0.822509036115068
888499.999864936,108757.497850772,1.00000001668496,0.822986872520207
888599.999864913,108791.086043231,1.00000001679697,0.822978593205642
888699.999864889,108824.678881404,1.00000001660435,0.822720705761181
888799.999864866,108858.276260157,1.00000001674245,0.822754184878357
888899.999864843,108891.878610868,1.00000001679924,0.822544494579138
888999.99986482,108925.487026081,1.00000001642452,0.822219742433064
889099.999864796,108959.102494056,1.00000001659829,0.82234024301075
889199.999864773,108992.724438519,1.00000001668082,0.822137547263235
889299.99986475,109026.352924649,1.00000001746809,0.82281430884292
889399.999864726,109059.988163918,1.00000001706266,0.823139024998632
889499.999864703,109093.628303933,1.00000001601787,0.822695226097691
889599.99986468,109127.274162053,1.00000001667083,0.822515594943964
889699.999864657,109160.926890718,1.00000001668867,0.822226574871874
889799.999864633,109194.585689128,1.00000001704138,0.822195466373253
889899.99986461,109228.249941436,1.0000000169845,0.822468054041103
889999.999864587,109261.91922088,1.00000001696249,0.822854623452326
890099.999864563,109295.59370464,1.00000001719568,0.822447654074246
890199.99986454,109329.272631435,1.00000001673257,0.82266848418645
890299.999864517,109362.95642969,1.00000001658182,0.822075802961368
890399.999864494,109396.64629502,1.00000001665127,0.822025397102253
890499.99986447,109430.343487345,1.00000001712704,0.821881155475369
890599.999864447,109464.046759413,1.00000001712767,0.822674834780463
890699.999864424,109497.755547959,1.00000001730021,0.822262771875798
890799.9998644,109531.469544686,1.00000001685919,0.82288487243472
890899.999864377,109565.189052454,1.00000001667555,0.822505880386917
890999.999864354,109598.914359273,1.00000001674502,0.823095693287007
891099.999864331,109632.644872076,1.00000001665252,0.822827815074188
891199.999864307,109666.381716559,1.00000001676352,0.823208139541503
891299.999864284,109700.125054048,1.00000001724208,0.821975663050538
891399.999864261,109733.875143075,1.00000001711055,0.822426438123808
891499.999864237,109767.631850005,1.00000001673333,0.822748469452732
891599.999864214,109801.394304416,1.0000000171691,0.821938082466153
891699.999864191,109835.16239008,1.00000001749931,0.822099936958129
891799.999864168,109868.935793355,1.00000001697374,0.822230932799349
891899.999864144,109902.714172034,1.00000001698154,0.822280926182321
891999.999864121,109936.498614446,1.00000001648077,0.82221710032435
892099.999864098,109970.289444634,1.00000001712879,0.822641784885013
892199.999864075,110004.085264252,1.00000001726056,0.823452806388879
892299.999864051,110037.88563873,1.0000000166057,0.822815639936934
892399.999864028,110071.69040502,1.00000001657775,0.822183352728186
892499.999864005,110105.499645736,1.00000001703511,0.822159142473375
892599.999863981,110139.314119378,1.00000001665903,0.822462429285428
892699.999863958,110173.134208741,1.00000001680045,0.822557187306059
892799.999863935,110206.959726783,1.00000001675011,0.822056365419026
892899.999863912,110240.791997485,1.00000001674174,0.822501981004429
892999.999863888,110274.629403041,1.00000001674555,0.822772635066748
893099.999863865,110308.471615293,1.00000001724638,0.822367277122986
893199.999863842,110342.319302244,1.00000001675399,0.822228508950352
893299.999863818,110376.172117648,1.0000000169858,0.821776835569524
893399.999863795,110410.030947721,1.00000001726324,0.82196044256466
893499.999863772,110443.896008904,1.00000001631842,0.821607463139908
893599.999863749,110477.766277295,1.00000001720504,0.821805268549424
893699.999863725,110511.641660759,1.0000000168764,0.822140655393813
893799.999863702,110545.522630539,1.00000001698524,0.822146510935532
893899.999863679,110579.41001909,1.00000001683266,0.822642312541291
893999.999863655,110613.304583004,1.00000001604737,0.822962061365957
894099.999863632,110647.204128554,1.00000001664208,0.823228700101118
894199.999863609,110681.108543898,1.00000001709438,0.822790855533217
894299.999863586,110715.019353716,1.00000001693103,0.822296429977542
894399.999863562,110748.936961559,1.0000000169406,0.822838888413529
894499.999863539,110782.861675621,1.00000001627849,0.823251758463892
894599.999863516,110816.792194964,1.00000001660182,0.823426106881124
894699.999863492,110850.727727846,1.00000001681772,0.822447310452792
894799.999863469,110884.669649772,1.00000001658571,0.822718813779738
894899.999863446,110918.618258841,1.00000001657909,0.822675321149479
894999.999863423,110952.573507319,1.000000017619,0.822717059313076
895099.999863399,110986.534887328,1.00000001668279,0.822624270271999
895199.999863376,111020.502058254,1.00000001700542,0.822152174205933
895299.999863353,111054.474864344,1.00000001675164,0.822781221974065
895399.999863329,111088.453781081,1.00000001682743,0.823749534976135
895499.999863306,111122.43818892,1.00000001660994,0.823727864906272
895599.999863283,111156.427363286,1.00000001695308,0.823453127459111
895699.99986326,111190.420997595,1.00000001712255,0.823483447728417
895799.999863236,111224.41978246,1.00000001699262,0.823120339788682
895899.999863213,111258.423883047,1.00000001676385,0.822856623053967
895999.99986319,111292.433343452,1.00000001688001,0.822893424480397
896099.999863166,111326.447747469,1.00000001652204,0.822728605345031
896199.999863143,111360.466185444,1.00000001610477,0.823099406749537
896299.99986312,111394.489264821,1.00000001723602,0.823324592389211
896399.999863097,111428.516241688,1.0000000170704,0.823001200108616
896499.999863073,111462.547503845,1.00000001691554,0.822846068136658
896599.99986305,111496.585218774,1.00000001711894,0.822781825987209
896699.999863027,111530.628951079,1.0000000168138,0.822543645487749
896799.999863003,111564.678109045,1.00000001692862,0.822529371747697
896899.99986298,111598.734122267,1.00000001673777,0.822554733360506
896999.999862957,111632.795649823,1.00000001647024,0.822412543451235
897099.999862934,111666.862835078,1.00000001645268,0.822875474713486
897199.99986291,111700.936191708,1.00000001654505,0.822926150797826
897299.999862887,111735.016677819,1.00000001714607,0.822010436046158
897399.999862864,111769.103513195,1.00000001699366,0.822049193265402
897499.999862841,111803.196338688,1.0000000170816,0.822402655525588
897599.999862817,111837.294462858,1.00000001683891,0.82287531218949
897699.999862794,111871.397348139,1.00000001685668,0.823385738127104
897799.999862771,111905.50514696,1.00000001632853,0.824057873959381
897899.999862747,111939.61664713,1.00000001721372,0.823635674733339
897999.999862724,111973.733870332,1.00000001675481,0.823020209172811
898099.999862701,112007.855879792,1.00000001728183,0.823354937363356
898199.999862678,112041.983507759,1.00000001696773,0.823884914661516
898299.999862654,112076.11647942,1.00000001687766,0.823598983775229
898399.999862631,112110.254424541,1.00000001694629,0.82371348722544
898499.999862608,112144.396433921,1.00000001661918,0.823859989349603
898599.999862584,112178.542754757,1.00000001659038,0.824298116419215
898699.999862561,112212.692394581,1.00000001667048,0.824116699096961
898799.999862538,112246.846756558,1.00000001697411,0.823670172573089
898899.999862515,112281.007103298,1.00000001707386,0.823249752074497
898999.999862491,112315.172524562,1.00000001686959,0.823103707942586
899099.999862468,112349.343788699,1.00000001655587,0.822412876005544
899199.999862445,112383.521881473,1.00000001656004,0.823067084316927
899299.999862421,112417.70564873,1.00000001747745,0.82346577805417
899399.999862398,112451.894737196,1.00000001664762,0.823981287470293
899499.999862375,112486.089295154,1.00000001700179,0.822856457185545
899599.999862352,112520.289891776,1.00000001713115,0.822805894749564
899699.999862328,112554.49696,1.00000001697706,0.823217524664628
899799.999862305,112588.709771451,1.00000001659308,0.823679526882699
899899.999862282,112622.928435416,1.00000001685148,0.823627415880242
899999.999862258,112657.152576258,1.00000001663792,0.822727819600778
900099.999862235,112691.382558951,1.00000001699261,0.822760607294109
900199.999862212,112725.618360367,1.0000000170949,0.823000422606537
900299.999862189,112759.860423127,1.00000001728752,0.822660799365015
900399.999862165,112794.10877942,1.00000001672695,0.82264946183548
900499.999862142,112828.363305346,1.00000001723526,0.82254286567328
900599.999862119,112862.624196497,1.00000001700195,0.823579517767081
900699.999862095,112896.891217413,1.00000001692006,0.823230745560758
900799.999862072,112931.16361128,1.00000001749152,0.823626039165765
900899.999862049,112965.441707783,1.00000001688491,0.824064968296033
900999.999862026,112999.724981883,1.00000001665749,0.824008168994052
901099.999862002,113034.01359198,1.00000001719887,0.82411554964474
901199.999861979,113068.308044046,1.00000001654145,0.824019617903734
901299.999861956,113102.608933637,1.00000001670546,0.823420368027882
901399.999861932,113136.916016151,1.00000001741192,0.822991216764384
901499.999861909,113171.228609847,1.00000001725838,0.823260000373401
901599.999861886,113205.546459796,1.0000000171205,0.823320961848149
901699.999861863,113239.869855628,1.0000000170549,0.823343122637565
901799.999861839,113274.198709498,1.0000000171724,0.823679914960158
901899.999861816,113308.533578603,1.00000001694787,0.824224631818225
901999.999861793,113342.874084084,1.00000001638123,0.823998246094836
902099.999861769,113377.22064647,1.00000001645045,0.823686962547851
902199.999861746,113411.572649377,1.00000001672986,0.82327333478795
902299.999861723,113445.93048015,1.00000001710256,0.823068368359092
902399.9998617,113480.294411819,1.00000001699375,0.823338578469491
902499.999861676,113514.663713319,1.00000001642092,0.822767925241284
902599.999861653,113549.03751841,1.0000000172894,0.822811836530073
902699.99986163,113583.416222359,1.00000001688986,0.823376107323159
902799.999861607,113617.800243885,1.00000001731452,0.823167279722011
902899.999861583,113652.189997633,1.00000001669114,0.823640927955724
902999.99986156,113686.585947352,1.00000001685187,0.822796188829775
903099.999861537,113720.988991397,1.00000001648643,0.823676519656783
903199.999861513,113755.398206527,1.00000001701799,0.823344409252123
903299.99986149,113789.813128082,1.00000001673552,0.823410787754179
903399.999861467,113824.233265325,1.00000001675733,0.823520962579549
903499.999861444,113858.657178865,1.00000001739447,0.823785270805835
903599.99986142,113893.085782922,1.0000000169102,0.823678423099379
903699.999861397,113927.518889052,1.00000001705532,0.823493129568892
903799.999861374,113961.956989,1.00000001694487,0.823552603429208
903899.99986135,113996.400627146,1.00000001689828,0.823657309649013
903999.999861327,114030.849310076,1.00000001678289,0.824034802361403
904099.999861304,114065.303751066,1.00000001727956,0.82388714221064
904199.999861281,114099.763797967,1.00000001687279,0.823978240283559
904299.999861257,114134.22928833,1.00000001672229,0.82388834800357
904399.999861234,114168.700655278,1.00000001706783,0.823775830723133
904499.999861211,114203.177605044,1.00000001687311,0.823856609755262
904599.999861187,114237.659751549,1.00000001699724,0.823467144441582
904699.999861164,114272.146662183,1.00000001694883,0.823891293275849
904799.999861141,114306.638951064,1.00000001681834,0.823919659474218
904899.999861118,114341.136975754,1.00000001673664,0.823979411451359
904999.999861094,114375.641282642,1.00000001727064,0.82415469716033
905099.999861071,114410.151242992,1.00000001720252,0.824269739135686
905199.999861048,114444.667193904,1.00000001728512,0.823768887871484
905299.999861024,114479.188729913,1.00000001714263,0.824097526664204
905399.999861001,114513.714802662,1.00000001640549,0.823374141437657
905499.999860978,114548.246080705,1.00000001739143,0.823448724303931
905599.999860955,114582.784172506,1.0000000168461,0.82335227414951
905699.999860931,114617.328416499,1.00000001687906,0.823592521684463
905799.999860908,114651.878263557,1.00000001731973,0.823684769705909
905899.999860885,114686.434180395,1.0000000169358,0.823700236036377
905999.999860861,114720.997250186,1.00000001664009,0.82225863886394
906099.999860838,114755.567218724,1.00000001710221,0.822549002055225
906199.999860815,114790.143220141,1.00000001656652,0.823060725306046
906299.999860792,114824.725989869,1.00000001675906,0.823427122629306
906399.999860768,114859.315169599,1.00000001696804,0.823819116227941
906499.999860745,114893.909978468,1.00000001718398,0.824004184411781
906599.999860722,114928.510567004,1.00000001706612,0.823836451985353
906699.999860698,114963.11760733,1.00000001686168,0.824380626069742
906799.999860675,114997.730730052,1.00000001670558,0.824323736456832
906899.999860652,115032.349822856,1.00000001724605,0.824048076700254
906999.999860629,115066.974226704,1.00000001722631,0.8238863093121
907099.999860605,115101.604060121,1.00000001652296,0.823715847355127
907199.999860582,115136.239604901,1.00000001702411,0.823421639744689
907299.999860559,115170.881398434,1.00000001696632,0.823470177554808
907399.999860535,115205.528785765,1.00000001677743,0.823478296873339
907499.999860512,115240.180374288,1.00000001691585,0.823315189483882
907599.999860489,115274.836300608,1.00000001724725,0.823745779356232
907699.999860466,115309.495954675,1.00000001716429,0.824159344156926
907799.999860442,115344.160306826,1.00000001725007,0.823632619244172
907899.999860419,115378.829321011,1.00000001671379,0.823893766462339
907999.999860396,115413.5025449,1.0000000175086,0.824103860456224
908099.999860373,115448.181779131,1.00000001687768,0.824289595909691
908199.999860349,115482.866649397,1.00000001679885,0.823985334967131
908299.999860326,115517.556756043,1.0000000172678,0.823655025177919
908399.999860303,115552.252439831,1.00000001728189,0.823793040534442
908499.999860279,115586.953789727,1.00000001652213,0.823642753785338
908599.999860256,115621.661187886,1.00000001714523,0.823591819103014
908699.999860233,115656.376537875,1.00000001671507,0.823990498060739
908799.99986021,115691.098173009,1.00000001682056,0.823726660126226
908899.999860186,115725.826666462,1.00000001710122,0.82306964522029
908999.999860163,115760.562582166,1.00000001701507,0.823470173272903
909099.99986014,115795.30520063,1.00000001735742,0.823577238536797
909199.999860116,115830.053539052,1.00000001758792,0.823606137723446
909299.999860093,115864.806584959,1.00000001727958,0.823828488350665
909399.99986007,115899.564738686,1.00000001729315,0.82403325050719
909499.999860047,115934.327565852,1.00000001712158,0.824115932505318
909599.999860023,115969.09611951,1.00000001703594,0.82387450921089
909699.99986,116003.870093279,1.00000001707145,0.824646093194393
909799.999859977,116038.649393698,1.00000001649425,0.824632546908224
909899.999859953,116073.433693303,1.0000000167795,0.824118144460201
909999.99985993,116108.222852812,1.00000001711726,0.823798686431273
910099.999859907,116143.015682888,1.00000001737852,0.82408976856753
910199.999859884,116177.814028631,1.00000001713278,0.824177124226639
910299.99985986,116212.618705738,1.00000001729176,0.823617154643734
910399.999859837,116247.430732449,1.00000001733993,0.823518034172297
910499.999859814,116282.249629297,1.00000001735416,0.823670873391057
910599.99985979,116317.07444903,1.0000000170255,0.823989637857054
910699.999859767,116351.904822567,1.00000001706741,0.82460967950096
910799.999859744,116386.7408467,1.00000001689763,0.824515795782034
910899.999859721,116421.581669152,1.0000000173139,0.825168001228666
910999.999859697,116456.427417482,1.00000001666662,0.82472299137604
911099.999859674,116491.279204962,1.00000001749889,0.824272939122928
911199.999859651,116526.137112596,1.00000001654969,0.824782582660564
911299.999859627,116560.99994741,1.00000001696933,0.823998587238335
911399.999859604,116595.868492263,1.00000001682234,0.824146421249515
911499.999859581,116630.742642303,1.00000001658596,0.823567574204714
911599.999859558,116665.622809852,1.00000001648774,0.823441211489496
911699.999859534,116700.507281154,1.00000001726645,0.824040938507863
911799.999859511,116735.396568499,1.00000001706846,0.824467439987184
911899.999859488,116770.290208235,1.00000001711804,0.823802714526566
911999.999859464,116805.189028491,1.00000001668177,0.823917552222148
912099.999859441,116840.092171076,1.00000001707011,0.824097637983746
912199.999859418,116875.000747104,1.00000001685021,0.823643375793592
912299.999859395,116909.915374938,1.00000001697665,0.824684476894233
912399.999859371,116944.834813795,1.0000000167142,0.82446641835658
912499.999859348,116979.759988348,1.00000001714972,0.824306663290234
912599.999859325,117014.690529575,1.00000001667718,0.824129469755217
912699.999859301,117049.626529489,1.00000001749866,0.823965448122718
912799.999859278,117084.569345654,1.00000001679851,0.823664076074705
912899.999859255,117119.517960291,1.0000000170192,0.823857739841616
912999.999859232,117154.471546036,1.00000001693986,0.823910063569487
913099.999859208,117189.430433338,1.00000001642072,0.824011026520589
913199.999859185,117224.394773256,1.00000001682308,0.824637070497713
913299.999859162,117259.365550251,1.00000001731633,0.824664682362326
913399.999859139,117294.341455563,1.00000001729721,0.824766647809038
913499.999859115,117329.322970714,1.00000001754691,0.82418789981768
913599.999859092,117364.311068321,1.00000001656911,0.824027456225403
913699.999859069,117399.305147627,1.00000001694762,0.823937550152337
913799.999859045,117434.305067932,1.00000001702346,0.823930578836427
913899.999859022,117469.311287762,1.00000001760414,0.824486152334018
913999.999858999,117504.323927592,1.00000001706168,0.824700863259327
914099.999858976,117539.342671508,1.00000001730831,0.824693734629217
914199.999858952,117574.365728219,1.00000001729365,0.824565742639596
914299.999858929,117609.393663425,1.0000000174151,0.82495472403252
914399.999858906,117644.426240262,1.00000001703971,0.824264221737294
914499.999858882,117679.464392974,1.00000001695695,0.824626188318867
914599.999858859,117714.506839764,1.00000001659871,0.82434389515455
914699.999858836,117749.554040416,1.00000001703916,0.824244468112854
914799.999858813,117784.606455706,1.00000001670557,0.824076270800424
914899.999858789,117819.663854326,1.00000001742596,0.824208936924222
914999.999858766,117854.726544693,1.00000001710741,0.824149852403163
915099.999858743,117889.794493522,1.00000001747658,0.824186593596115
915199.999858719,117924.868554647,1.00000001710163,0.82402110695594
915299.999858696,117959.948360321,1.00000001716373,0.82498301830791
915399.999858673,117995.033411551,1.00000001731688,0.824776855230316
915499.99985865,118030.124698729,1.00000001711108,0.825101051520072
915599.999858626,118065.222044568,1.00000001710666,0.824370997701723
915699.999858603,118100.325317863,1.00000001724083,0.824390818729854
915799.99985858,118135.434743121,1.00000001689721,0.824960738463514
915899.999858556,118170.551162769,1.00000001664968,0.824279702273494
915999.999858533,118205.674401879,1.00000001740298,0.823979087587126
916099.99985851,118240.803979476,1.00000001728029,0.82388304196324
916199.999858487,118275.940625125,1.0000000171903,0.823863388380349
916299.999858463,118311.084121841,1.00000001747409,0.824447722267454
916399.99985844,118346.233393669,1.00000001714079,0.824265183081202
916499.999858417,118381.38843166,1.00000001734748,0.824102349116891
916599.999858393,118416.548596478,1.00000001702552,0.824463941728243
916699.99985837,118451.713905587,1.00000001759218,0.824606991787747
916799.999858347,118486.88547271,1.00000001707661,0.824818371753158
916899.999858324,118522.062481881,1.00000001724741,0.825186017429826
916999.9998583,118557.244875875,1.00000001674952,0.825016778488425
917099.999858277,118592.432057161,1.00000001724338,0.825382147170985
917199.999858254,118627.625199004,1.000000016776,0.825175198211307
917299.99985823,118662.82416026,1.00000001700105,0.825028526177671
917399.999858207,118698.028880524,1.00000001678288,0.824821850281915
917499.999858184,118733.238631072,1.00000001716973,0.824616397816176
917599.999858161,118768.453756842,1.00000001737153,0.824302217465713
917699.999858137,118803.674366791,1.00000001699485,0.824196876810395
917799.999858114,118838.900576099,1.00000001708432,0.824505282391532
917899.999858091,118874.132396418,1.00000001670419,0.8251225364945
917999.999858067,118909.369700784,1.00000001765246,0.824770736296767
918099.999858044,118944.612109142,1.00000001713133,0.825027504753647
918199.999858021,118979.861181798,1.00000001726392,0.824722954276498
918299.999857998,119015.116937464,1.00000001752801,0.824212167560576
918399.999857974,119050.379475993,1.00000001724793,0.824205915624644
918499.999857951,119085.648009858,1.00000001687695,0.824052063064698
918599.999857928,119120.922691597,1.00000001720368,0.824126276707533
918699.999857905,119156.203291025,1.00000001736995,0.823842645805519
918799.999857881,119191.48987058,1.00000001707907,0.824592053581612
918899.999857858,119226.781918774,1.00000001682745,0.825064821703375
918999.999857835,119262.079149178,1.00000001655416,0.824973376740935
919099.999857811,119297.382327548,1.00000001757493,0.824033957646446
919199.999857788,119332.6929831,1.00000001699987,0.824011043210112
919299.999857765,119368.010712476,1.00000001703885,0.823948666501128
919399.999857742,119403.335466347,1.00000001721265,0.823920310655961
919499.999857718,119438.665575233,1.00000001694768,0.825135843173776
919599.999857695,119474.001891066,1.00000001702804,0.824944828979078
919699.999857672,119509.344261971,1.00000001702951,0.82468198197617
919799.999857648,119544.692237005,1.00000001680787,0.824826270835959
919899.999857625,119580.045188234,1.00000001700643,0.824715064734484
919999.999857602,119615.403742757,1.00000001729302,0.824854976125243
920099.999857579,119650.769161418,1.00000001708418,0.824725301681628
920199.999857555,119686.140724744,1.00000001721886,0.824948802061813
920299.999857532,119721.518344057,1.00000001766243,0.825123307522092
920399.999857509,119756.902096265,1.00000001723059,0.824124388911124
920499.999857485,119792.291714649,1.00000001701054,0.824724852286109
920599.999857462,119827.687298956,1.0000000171206,0.824647771422362
920699.999857439,119863.088705182,1.00000001675608,0.824361846825832
920799.999857416,119898.495664059,1.00000001723359,0.82465527436119
920899.999857392,119933.908515504,1.00000001747552,0.824888481829546
920999.999857369,119969.328148753,1.00000001710922,0.824657368045912
921099.999857346,120004.752843387,1.00000001774664,0.824834583352552
921199.999857322,120040.182587688,1.00000001756084,0.824545977791765
921299.999857299,120075.618282015,1.00000001677475,0.824730448017096
921399.999857276,120111.060934302,1.00000001731432,0.824989990482971
921499.999857253,120146.510810131,1.00000001677085,0.825494237249535
921599.999857229,120181.967033136,1.00000001724374,0.824993637645932
921699.999857206,120217.428560129,1.00000001696621,0.825256917301831
921799.999857183,120252.893959907,1.00000001694113,0.825501991383407
921899.999857159,120288.36470779,1.00000001661422,0.824555677133083
921999.999857136,120323.840591261,1.00000001728327,0.824937735083805
922099.999857113,120359.322140795,1.0000000172987,0.824731226732012
922199.99985709,120394.809228442,1.00000001705828,0.824963158428334
922299.999857066,120430.301599048,1.0000000169383,0.824991407795944
922399.999857043,120465.79889116,1.0000000172837,0.825480319856497
922499.99985702,120501.301410317,1.00000001718157,0.825665198421791
922599.999856996,120536.810665332,1.0000000172504,0.82556075370034
922699.999856973,120572.325704332,1.00000001709001,0.825603243279069
922799.99985695,120607.846053054,1.00000001753293,0.825304967203505
922899.999856927,120643.371612767,1.00000001690029,0.82487440402713
922999.999856903,120678.902968719,1.00000001689988,0.824948493413109
923099.99985688,120714.440904608,1.0000000169035,0.824999821591942
923199.999856857,120749.984241548,1.0000000174288,0.825771394074075
923299.999856833,120785.533127653,1.00000001727893,0.825536621407527
923399.99985681,120821.087264142,1.00000001759234,0.825435776801279
923499.999856787,120856.646898364,1.00000001649926,0.824837948564858
923599.999856764,120892.212728672,1.00000001702694,0.824896307585118
923699.99985674,120927.783594279,1.00000001768842,0.825088367852968
923799.999856717,120963.35868919,1.00000001706617,0.824686670236028
923899.999856694,120998.939171212,1.00000001716111,0.824324121807504
923999.999856671,121034.524730863,1.00000001720767,0.824267984393541
924099.999856647,121070.11573917,1.00000001695374,0.825372816611621
924199.999856624,121105.712082655,1.00000001694129,0.82501643069857
924299.999856601,121141.31315019,1.00000001788886,0.825253959897767
924399.999856577,121176.920287209,1.00000001710707,0.825057468633281
924499.999856554,121212.533661567,1.00000001672701,0.82492393570079
924599.999856531,121248.152065981,1.00000001677812,0.824612332780383
924699.999856508,121283.776176364,1.0000000173657,0.824403913669663
924799.999856484,121319.40702826,1.00000001716215,0.824752414278034
924899.999856461,121355.044435075,1.00000001734265,0.8247588430025
924999.999856438,121390.687906708,1.00000001764045,0.825027560082409
925099.999856414,121426.336458321,1.00000001701297,0.825112274415791
925199.999856391,121461.989801141,1.00000001788204,0.824946403599189
925299.999856368,121497.648911199,1.00000001758542,0.825088443607747
925399.999856345,121533.312949526,1.00000001747745,0.824749565325066
925499.999856321,121568.982723978,1.00000001708847,0.825643533310161
925599.999856298,121604.658817772,1.00000001710705,0.826031321798653
925699.999856275,121640.340436473,1.00000001761584,0.825635206343874
925799.999856251,121676.028189221,1.00000001683709,0.825132309025557
925899.999856228,121711.72185458,1.00000001706913,0.824865533334125
925999.999856205,121747.421792565,1.00000001776869,0.825235833314177
926099.999856182,121783.126380331,1.00000001695448,0.825997563073947
926199.999856158,121818.835171434,1.00000001768047,0.826006611747401
926299.999856135,121854.547960208,1.00000001700106,0.825343087936277
926399.999856112,121890.266873811,1.00000001790739,0.82522901639523
926499.999856088,121925.992675898,1.00000001770247,0.825433767126549
926599.999856065,121961.725667411,1.00000001767402,0.825960567851719
926699.999856042,121997.464740162,1.00000001719091,0.826575622605542
926799.999856019,122033.209940968,1.00000001751986,0.826161108438783
926899.999855995,122068.961110574,1.00000001682311,0.826292306770339
926999.999855972,122104.717057398,1.00000001778074,0.825578766468659
927099.999855949,122140.478841911,1.00000001701885,0.825744513232603
927199.999855925,122176.246098109,1.0000000175758,0.826100666664358
927299.999855902,122212.019553838,1.00000001724582,0.825009220862588
927399.999855879,122247.798586489,1.00000001723638,0.824880684414196
927499.999855856,122283.583297802,1.00000001726137,0.824626325562372
927599.999855832,122319.373155094,1.00000001731791,0.825245989695755
927699.999855809,122355.168730748,1.00000001682379,0.825669901641012
927799.999855786,122390.969534389,1.00000001687871,0.825646150633313
927899.999855762,122426.774243255,1.00000001709239,0.825490770538539
927999.999855739,122462.584880207,1.00000001765267,0.825565716102461
928099.999855716,122498.400818579,1.00000001747639,0.826400364836616
928199.999855693,122534.221680619,1.00000001691363,0.826146317064481
928299.999855669,122570.048529637,1.00000001704728,0.825464897040222
928399.999855646,122605.881326058,1.00000001684218,0.825799529739333
928499.999855623,122641.720625299,1.00000001709139,0.825890267513627
928599.999855599,122677.566104458,1.00000001704041,0.825832147951584
928699.999855576,122713.418207675,1.00000001753372,0.825836498876507
928799.999855553,122749.276639896,1.00000001773801,0.82604580099042
928899.99985553,122785.141281746,1.00000001730784,0.825802886520814
928999.999855506,122821.011879307,1.00000001705686,0.825506230687719
929099.999855483,122856.889777008,1.00000001720041,0.825072128403202
929199.99985546,122892.775367539,1.00000001728763,0.825016051318953
929299.999855437,122928.667877639,1.00000001728239,0.825189710052714
929399.999855413,122964.567152093,1.00000001662794,0.825778512064202
929499.99985539,123000.471559254,1.00000001753371,0.825631937164643
929599.999855367,123036.381444035,1.00000001681292,0.825351441966626
929699.999855343,123072.296680796,1.00000001737863,0.825696091627742
929799.99985532,123108.217651006,1.00000001705293,0.825122372552126
929899.999855297,123144.14440642,1.0000000170933,0.825560070137407
929999.999855274,123180.076071368,1.0000000176019,0.825439457813615
930099.99985525,123216.013002555,1.00000001692428,0.825987736432704
930199.999855227,123251.953774163,1.00000001732137,0.826317357662089
930299.999855204,123287.899113403,1.00000001803394,0.825702842221675
930399.99985518,123323.849139931,1.00000001697603,0.826484976548465
930499.999855157,123359.804190245,1.00000001779941,0.826249426439658
930599.999855134,123395.764463574,1.00000001701909,0.825942686482224
930699.999855111,123431.730426534,1.00000001689502,0.826534282440916
930799.999855087,123467.701829848,1.00000001665683,0.82596693261313
930899.999855064,123503.677808597,1.00000001758435,0.825884109264997
930999.999855041,123539.657606598,1.00000001731758,0.825722621783243
931099.999855017,123575.641954734,1.00000001720024,0.825533891918419
931199.999854994,123611.63156613,1.00000001747896,0.825920849935643
931299.999854971,123647.62595885,1.00000001679876,0.826366591107799
931399.999854948,123683.625373551,1.00000001756363,0.825754409253997
931499.999854924,123719.63160068,1.00000001730269,0.824992359650906
931599.999854901,123755.64366726,1.00000001732475,0.824813743507841
931699.999854878,123791.660294726,1.00000001701576,0.82506265800556
931799.999854854,123827.681487771,1.00000001777445,0.824947837200103
931899.999854831,123863.707813284,1.00000001699727,0.825570315244006
931999.999854808,123899.74027335,1.00000001771914,0.825142305950879
932099.999854785,123935.779504764,1.00000001717263,0.824999661917027
932199.999854761,123971.826726622,1.00000001743975,0.824967701525639
932299.999854738,124007.881083771,1.00000001754645,0.825338922247478
932399.999854715,124043.94083564,1.00000001770634,0.82539910017538
932499.999854691,124080.006082603,1.00000001644644,0.825549417426914
932599.999854668,124116.077080634,1.00000001755687,0.8257365548585
932699.999854645,124152.15357633,1.00000001670563,0.825389953291397
932799.999854622,124188.23744165,1.00000001758035,0.825338643834327
932899.999854598,124224.325949736,1.00000001701461,0.825029995266439
932999.999854575,124260.418775327,1.00000001714054,0.824850974686494
933099.999854552,124296.51643359,1.00000001749394,0.825414940903801
933199.999854528,124332.620046881,1.00000001696841,0.825786685072483
933299.999854505,124368.729788861,1.00000001721401,0.825959603424953
933399.999854482,124404.845650245,1.0000000175342,0.825826729248292
933499.999854459,124440.969239383,1.0000000177391,0.825287340333802
933599.999854435,124477.099684848,1.00000001734121,0.825109623145007
933699.999854412,124513.236469944,1.00000001752831,0.825437535336402
933799.999854389,124549.378311733,1.00000001744365,0.825651105166326
933899.999854365,124585.526917126,1.00000001757309,0.825720900636322
933999.999854342,124621.681235091,1.00000001684903,0.825141681097937
934099.999854319,124657.840930748,1.00000001706189,0.825531240649543
934199.999854296,124694.006524171,1.00000001728717,0.825017898665843
934299.999854272,124730.178368948,1.00000001730386,0.824966505477735
934399.999854249,124766.355674687,1.00000001725331,0.82537073529967
934499.999854226,124802.537495705,1.00000001743691,0.82533671968968
934599.999854202,124838.724550138,1.00000001767045,0.825340892924614
934699.999854179,124874.916408892,1.00000001721952,0.825171865913337
934799.999854156,124911.113857325,1.00000001681785,0.825096020548806
934899.999854133,124947.316782466,1.0000000170629,0.82541613131537
934999.999854109,124983.526561745,1.00000001794157,0.825923794092967
935099.999854086,125019.741721071,1.00000001675239,0.826190206489318
935199.999854063,125055.96339734,1.0000000174586,0.826257816348353
935299.99985404,125092.191803698,1.0000000174125,0.825302917663331
935399.999854016,125128.426669373,1.00000001750893,0.824997491837748
935499.999853993,125164.668976744,1.00000001726486,0.8247616159901
935599.99985397,125200.918249611,1.00000001719313,0.824975225254888
935699.999853946,125237.174696279,1.00000001737421,0.825527280558581
935799.999853923,125273.438283036,1.00000001721268,0.825763885691122
935899.9998539,125309.708505641,1.00000001750532,0.826187128311788
935999.999853877,125345.985356906,1.00000001728345,0.82602204276302
936099.999853853,125382.268070097,1.00000001735815,0.82591960675518
936199.99985383,125418.555936011,1.00000001696484,0.826099387081704
936299.999853807,125454.849813175,1.00000001757144,0.826575210029977
936399.999853783,125491.148887903,1.00000001742052,0.826270186184294
936499.99985376,125527.45344305,1.00000001767648,0.826302420088727
936599.999853737,125563.763809285,1.00000001799642,0.825949515640612
936699.999853714,125600.080264466,1.0000000177062,0.826054768133756
936799.99985369,125636.402550794,1.00000001724868,0.825717288375182
936899.999853667,125672.730675927,1.00000001742856,0.825977352047822
936999.999853644,125709.063748184,1.00000001751444,0.825721300902109
937099.99985362,125745.401732464,1.00000001715844,0.826791309480365
937199.999853597,125781.744319548,1.00000001789696,0.826189848642515
937299.999853574,125818.092885774,1.00000001768005,0.826531021681345
937399.999853551,125854.447542988,1.00000001755466,0.826018763156376
937499.999853527,125890.807286163,1.00000001757628,0.825860513913206
937599.999853504,125927.171376337,1.00000001751713,0.826122772433839
937699.999853481,125963.540589459,1.00000001782346,0.82616727964942
937799.999853457,125999.914565995,1.00000001699168,0.826006506757111
937899.999853434,126036.293557022,1.00000001735552,0.826043275767219
937999.999853411,126072.6777929,1.00000001765167,0.826385076134602
938099.999853388,126109.067155855,1.00000001757017,0.826432832816333
938199.999853364,126145.461820233,1.00000001685908,0.826025228339105
938299.999853341,126181.861655113,1.00000001778441,0.825913198164989
938399.999853318,126218.267063529,1.00000001666637,0.825441624374379
938499.999853294,126254.679021194,1.00000001769532,0.825378361268762
938599.999853271,126291.097542635,1.00000001748948,0.825920739230162
938699.999853248,126327.522856115,1.00000001709696,0.825733975920867
938799.999853225,126363.954189843,1.00000001765382,0.825911235187404
938899.999853201,126400.392277462,1.00000001776671,0.825314257374874
938999.999853178,126436.836559575,1.00000001780743,0.825805408990409
939099.999853155,126473.286665088,1.00000001689331,0.825570255328709
939199.999853131,126509.742291873,1.00000001729776,0.825074444691756
939299.999853108,126546.204352639,1.00000001742681,0.824565666063121
939399.999853085,126582.673306549,1.00000001717244,0.825545294523097
939499.999853062,126619.148323281,1.0000000175558,0.825936331884324
939599.999853038,126655.62971179,1.00000001682334,0.825704684024669
939699.999853015,126692.118058383,1.0000000175864,0.826338140550182
939799.999852992,126728.613231665,1.00000001731058,0.825671793629038
939899.999852968,126765.114064062,1.00000001777125,0.825577723316459
939999.999852945,126801.620428055,1.00000001732345,0.82606606648508
940099.999852922,126838.132456694,1.00000001770785,0.82616938133775
940199.999852899,126874.649865838,1.00000001763871,0.825662128572475
940299.999852875,126911.172556812,1.00000001705724,0.826144045223497
940399.999852852,126947.701067732,1.00000001746149,0.826076224160679
940499.999852829,126984.236288633,1.00000001732145,0.825692127003939
940599.999852806,127020.778864841,1.0000000173959,0.825656868293608
940699.999852782,127057.32926982,1.00000001689239,0.825593680700602
940799.999852759,127093.886388703,1.0000000169876,0.825782534551928
940899.999852736,127130.449673114,1.00000001763661,0.825866573350622
940999.999852712,127167.017691637,1.00000001732,0.826146366513758
941099.999852689,127203.590900269,1.00000001750405,0.825919229190275
941199.999852666,127240.170566663,1.00000001763542,0.825707141536714
941299.999852643,127276.756106414,1.00000001764734,0.826006731897374
941399.999852619,127313.347156394,1.00000001690528,0.826353184705068
941499.999852596,127349.94394517,1.00000001730042,0.826636321071067
941599.999852573,127386.546608287,1.00000001740462,0.826866804905048
941699.999852549,127423.154726302,1.00000001739935,0.826153496028992
941799.999852526,127459.768712958,1.00000001713533,0.826620130693172
941899.999852503,127496.388088229,1.00000001668689,0.826642289565012
941999.99985248,127533.012824217,1.00000001792856,0.826913036838881
942099.999852456,127569.643865843,1.00000001691604,0.826261222918876
942199.999852433,127606.281261201,1.00000001712804,0.826330633994695
942299.99985241,127642.924231315,1.00000001763983,0.826467362433149
942399.999852386,127679.572698909,1.00000001753206,0.82629683232432
942499.999852363,127716.227346641,1.00000001759197,0.826311088841148
942599.99985234,127752.887658252,1.00000001727018,0.826209403984929
942699.999852317,127789.552891727,1.00000001758097,0.826283780998207
942799.999852293,127826.223336727,1.00000001732187,0.826428580149881
942899.99985227,127862.897852299,1.00000001729975,0.82686305328748
942999.999852247,127899.577067357,1.00000001721772,0.826431036333274
943099.999852223,127936.260843285,1.00000001737699,0.826566121401976
943199.9998522,127972.950003683,1.00000001763162,0.826521650711457
943299.999852177,128009.644991095,1.00000001721952,0.826864238624957
943399.999852154,128046.345186457,1.00000001780131,0.82739462994743
943499.99985213,128083.051032243,1.00000001788528,0.826763528941924
943599.999852107,128119.762764259,1.00000001781937,0.827212990098465
943699.999852084,128156.479653338,1.00000001764662,0.82676854755393
943799.99985206,128193.201123003,1.00000001738391,0.826976373122542
943899.999852037,128229.928241009,1.0000000172354,0.826324783380512
943999.999852014,128266.660859621,1.00000001769241,0.825937432907337
944099.999851991,128303.397785531,1.00000001753419,0.826257907639122
944199.999851967,128340.138417639,1.00000001764564,0.826124858762788
944299.999851944,128376.883637708,1.00000001752767,0.826903686038828
944399.999851921,128413.633411541,1.00000001742428,0.8270297828433
944499.999851897,128450.388083568,1.00000001714172,0.826904487388625
944599.999851874,128487.147913758,1.00000001814981,0.827024439511086
944699.999851851,128523.914362717,1.00000001762787,0.82639594418411
944799.999851828,128560.688097197,1.00000001771776,0.826589497982812
944899.999851804,128597.468896581,1.00000001706035,0.826748502290028
944999.999851781,128634.254912501,1.00000001740456,0.826653956125002
945099.999851758,128671.045973833,1.00000001650634,0.826836974917237
945199.999851734,128707.841740942,1.00000001757983,0.826593653956395
945299.999851711,128744.642891396,1.00000001754679,0.826385673273007
945399.999851688,128781.449756675,1.0000000174598,0.826088929278588
945499.999851665,128818.262806004,1.0000000176448,0.826242338381985
945599.999851641,128855.082031414,1.00000001773682,0.826589330416488
945699.999851618,128891.90772536,1.00000001748265,0.826257120053257
945799.999851595,128928.74017327,1.00000001745386,0.825955194071474
945899.999851572,128965.580385367,1.00000001722311,0.825758657697846
945999.999851548,129002.427356986,1.0000000176854,0.825699645149852
946099.999851525,129039.280738712,1.0000000168465,0.826466428600771
946199.999851502,129076.141593744,1.00000001767575,0.826986542873415
946299.999851478,129113.008649982,1.00000001744199,0.826372345921563
946399.999851455,129149.880043216,1.00000001750462,0.826911128056593
946499.999851432,129186.756252241,1.00000001717558,0.826938976222841
946599.999851409,129223.637826111,1.00000001718634,0.827116473646794
946699.999851385,129260.525783874,1.00000001786936,0.826649888378633
946799.999851362,129297.419697914,1.00000001768695,0.826740949669177
946899.999851339,129334.319011399,1.00000001741542,0.826349885675253
946999.999851315,129371.224101501,1.00000001757164,0.826291100720544
947099.999851292,129408.135065289,1.0000000178418,0.826639578120293
947199.999851269,129445.050841899,1.00000001707312,0.826089180402589
947299.999851246,129481.971771207,1.00000001751765,0.825979117128239
947399.999851222,129518.898197457,1.00000001732705,0.826069481504502
947499.999851199,129555.831331635,1.00000001733265,0.825744167025194
947599.999851176,129592.770776511,1.00000001762029,0.826294224080475
947699.999851152,129629.717338989,1.00000001767678,0.826627058237653
947799.999851129,129666.669753117,1.0000000175487,0.827124787766816
947899.999851106,129703.627962171,1.00000001756251,0.82700033408298
947999.999851083,129740.592245686,1.00000001698403,0.826782980090771
948099.999851059,129777.563098217,1.00000001723531,0.826301333558104
948199.999851036,129814.540377083,1.00000001721047,0.826183128736296
948299.999851013,129851.524151129,1.00000001743057,0.826096141993548
948399.999850989,129888.514559987,1.0000000171773,0.825286356528058
948499.999850966,129925.511056668,1.00000001784835,0.826338707062251
948599.999850943,129962.513973463,1.00000001783382,0.826497662668663
948699.99985092,129999.522729746,1.00000001713839,0.826555236850404
948799.999850896,130036.536967443,1.0000000176263,0.826885742842473
948899.999850873,130073.557461884,1.0000000170146,0.827014839206472
948999.99985085,130110.584552581,1.00000001743565,0.826823470694655
949099.999850826,130147.617933886,1.00000001740399,0.826969638372923
949199.999850803,130184.656982371,1.0000000177116,0.826797901184293
949299.99985078,130221.700858681,1.00000001783642,0.826980988609986
949399.999850757,130258.750328619,1.00000001765437,0.82664060691912
949499.999850733,130295.805741992,1.00000001750563,0.826943573796987
949599.99985071,130332.866856987,1.00000001744274,0.827210138191389
949699.999850687,130369.932842193,1.00000001756031,0.827028275130552
949799.999850663,130407.004463028,1.00000001835005,0.826936763270404
949899.99985064,130444.080745503,1.000000017675,0.827002221941748
949999.999850617,130481.163208025,1.00000001706396,0.827099325096501
950099.999850594,130518.24982718,1.0000000172481,0.826898302302773
950199.99985057,130555.341694264,1.00000001797602,0.827321538101681
950299.999850547,130592.437634445,1.00000001752425,0.828462360920092
950399.999850524,130629.537730261,1.00000001803417,0.827764594323612
950499.9998505,130666.642327831,1.00000001822088,0.827670303459304
950599.999850477,130703.751358451,1.00000001811511,0.827753220588546
950699.999850454,130740.866038766,1.00000001792157,0.827072780360697
950799.999850431,130777.987596877,1.00000001793568,0.827536349995801
950899.999850407,130815.115182057,1.00000001746484,0.827497272107706
950999.999850384,130852.248881471,1.00000001742734,0.827500491491017
951099.999850361,130889.388617458,1.00000001765822,0.827611412373391
951199.999850338,130926.535290278,1.00000001785074,0.827582490231137
951299.999850314,130963.688572898,1.00000001758106,0.827060688582131
951399.999850291,131000.848315584,1.00000001771896,0.826638856646963
951499.999850268,131038.013723614,1.00000001738528,0.827122811952009
951599.999850244,131075.184530955,1.00000001688753,0.827035422789236
951699.999850221,131112.360453092,1.0000000179852,0.826885730753787
951799.999850198,131149.541278589,1.00000001757638,0.827192593275362
951899.999850175,131186.727519509,1.00000001737178,0.826781453261928
951999.999850151,131223.919385823,1.00000001730728,0.826670667908086
952099.999850128,131261.116632421,1.00000001752668,0.825912100829926
952199.999850105,131298.320864835,1.00000001750899,0.826480483521303
952299.999850081,131335.530788473,1.00000001750482,0.827119983527766
952399.999850058,131372.746411644,1.00000001741408,0.826844625921542
952499.999850035,131409.967347874,1.00000001730453,0.826920297026133
952599.999850012,131447.194380036,1.00000001753948,0.826692101333757
952699.999849988,131484.427313866,1.00000001781183,0.826834850143258
952799.999849965,131521.665653247,1.00000001662805,0.826540597288526
952899.999849942,131558.909334349,1.00000001755342,0.827246450324696
952999.999849918,131596.158621774,1.00000001775127,0.826942508927275
953099.999849895,131633.41378916,1.00000001682134,0.827177786602075
953199.999849872,131670.675114074,1.00000001765729,0.826317608067946
953299.999849849,131707.942090649,1.00000001763516,0.826424410650196
953399.999849825,131745.214091276,1.000000017709,0.826769917533412
953499.999849802,131782.491622861,1.00000001788723,0.826441648250163
953599.999849779,131819.775612732,1.00000001773147,0.826116706461906
953699.999849755,131857.065249498,1.00000001740577,0.826384774556591
953799.999849732,131894.361167614,1.00000001787546,0.827063780118372
953899.999849709,131931.662752293,1.00000001763368,0.826945133605259
953999.999849686,131968.969445745,1.0000000176287,0.827014991986043
954099.999849662,132006.282508128,1.00000001783523,0.826507632318706
954199.999849639,132043.60167276,1.00000001745431,0.826961363352535
954299.999849616,132080.92625818,1.00000001757111,0.827101050743692
954399.999849592,132118.25697825,1.0000000169614,0.826777382974764
954499.999849569,132155.593897346,1.0000000181004,0.826812956860662
954599.999849546,132192.936369164,1.00000001782949,0.827220825454322
954699.999849523,132230.284113863,1.00000001735628,0.826888129335645
954799.999849499,132267.637101644,1.00000001764675,0.82703558835917
954899.999849476,132304.995980065,1.0000000177251,0.826879791803374
954999.999849453,132342.360446344,1.00000001761735,0.827146988366934
955099.999849429,132379.731365737,1.00000001778844,0.827002774755626
955199.999849406,132417.108826822,1.00000001824578,0.826828402714526
955299.999849383,132454.493155017,1.00000001805066,0.827452468985062
955399.99984936,132491.883791098,1.00000001734635,0.826535598373483
955499.999849336,132529.280471014,1.00000001719916,0.826454021864157
955599.999849313,132566.684479828,1.00000001755939,0.826727121342693
955699.99984929,132604.094727684,1.00000001822814,0.827132563611062
955799.999849266,132641.511566455,1.00000001739421,0.827330123140243
955899.999849243,132678.934582266,1.00000001690861,0.827130174097764
955999.99984922,132716.363672024,1.0000000175379,0.826920960773016
956099.999849197,132753.798969207,1.0000000179309,0.827151992004967
956199.999849173,132791.241084941,1.0000000177262,0.826419749156411
956299.99984915,132828.689378233,1.00000001764539,0.826939038190536
956399.999849127,132866.143829611,1.00000001780655,0.826919204341254
956499.999849104,132903.603796479,1.00000001753118,0.827058136918162
956599.99984908,132941.069444951,1.0000000175025,0.827137727749558
956699.999849057,132978.540670343,1.00000001757636,0.82686541569816
956799.999849034,133016.017821723,1.00000001743467,0.82678912239585
956899.99984901,133053.501024915,1.00000001772843,0.826559956271698
956999.999848987,133090.99076381,1.00000001755155,0.826104615493391
957099.999848964,133128.487085813,1.00000001735718,0.82657837055875
957199.999848941,133165.988767845,1.00000001758366,0.827458911205023
957299.999848917,133203.495930358,1.00000001802271,0.827919153728133
957399.999848894,133241.008066743,1.00000001804783,0.827655844299191
957499.999848871,133278.52559822,1.0000000174982,0.827309281299171
957599.999848847,133316.049128087,1.00000001754986,0.827483244897103
957699.999848824,133353.578736457,1.00000001749232,0.827337142214908
957799.999848801,133391.113824264,1.00000001781741,0.827412642529422
957899.999848778,133428.65402403,1.00000001770779,0.826788236399043
957999.999848754,133466.199722158,1.00000001754311,0.826923687521195
958099.999848731,133503.751313067,1.00000001761651,0.827344405606458
958199.999848708,133541.309153915,1.00000001797488,0.827502674033014
958299.999848684,133578.873214853,1.00000001776687,0.827638848797969
958399.999848661,133616.44296761,1.00000001777999,0.827243664292974
958499.999848638,133654.017403203,1.00000001746856,0.827236032091254
958599.999848615,133691.596652951,1.00000001779406,0.827815673330244
958699.999848591,133729.180686882,1.00000001736836,0.827238788969701
958799.999848568,133766.769791212,1.00000001759597,0.826569698369349
958899.999848545,133804.364425375,1.00000001763896,0.826394233692053
958999.999848521,133841.964163178,1.00000001792914,0.826951928653702
959099.999848498,133879.568941102,1.00000001754244,0.826874298714739
959199.999848475,133917.177717076,1.00000001785655,0.827383263348326
959299.999848452,133954.790691897,1.00000001765215,0.828035139372153
959399.999848428,133992.408917978,1.00000001801386,0.827370383983793
959499.999848405,134030.033242069,1.00000001797027,0.826992522861076
959599.999848382,134067.664120299,1.00000001729882,0.827500891284475
959699.999848358,134105.300939255,1.00000001757695,0.826558430319467
959799.999848335,134142.943817944,1.00000001774616,0.82735712244684
959899.999848312,134180.593091926,1.00000001715413,0.82746729688024
959999.999848289,134218.248202863,1.00000001778169,0.827539070203361
960099.999848265,134255.909266567,1.0000000175563,0.827754106949255
960199.999848242,134293.576692834,1.00000001727444,0.826930519175529
960299.999848219,134331.250983738,1.00000001815454,0.827480933367999
960399.999848195,134368.929856141,1.00000001778514,0.827236706807933
960499.999848172,134406.613916333,1.00000001795712,0.827524217731552
960599.999848149,134444.303828571,1.00000001787995,0.826846516243103
960699.999848126,134481.999725055,1.00000001797498,0.826511898872743
960799.999848102,134519.701283045,1.00000001784797,0.826924033170663
960899.999848079,134557.4072739,1.00000001764486,0.826896274322853
960999.999848056,134595.119656586,1.00000001789414,0.826895679362004
961099.999848032,134632.83702226,1.00000001745172,0.827144534770167
961199.999848009,134670.559700335,1.00000001782733,0.827350777127104
961299.999847986,134708.288273279,1.00000001762794,0.826799237999498
961399.999847963,134746.022939939,1.00000001778865,0.827597993653125
961499.999847939,134783.763179565,1.00000001744629,0.827688227566931
961599.999847916,134821.509319411,1.00000001748833,0.827866014639175
961699.999847893,134859.261162741,1.00000001779196,0.827819105545889
961799.99984787,134897.018235933,1.00000001808339,0.827668812401481
961899.999847846,134934.780972762,1.00000001784906,0.828124742926074
961999.999847823,134972.549006808,1.00000001794965,0.82767708331465
962099.9998478,135010.322722562,1.0000000178746,0.827587682017516
962199.999847776,135048.101970906,1.00000001776649,0.827280070116877
962299.999847753,135085.888409295,1.00000001753928,0.827506763252608
962399.99984773,135123.680828848,1.00000001731862,0.827497986979904
962499.999847707,135161.478080147,1.00000001771275,0.828382578156951
962599.999847683,135199.280548649,1.00000001708633,0.828055332081808
962699.99984766,135237.088548524,1.00000001761947,0.827612958932207
962799.999847637,135274.902728025,1.00000001797757,0.827696224913707
962899.999847613,135312.722829279,1.00000001735244,0.828164409742072
962999.99984759,135350.549496407,1.0000000176786,0.828547211985105
963099.999847567,135388.382789978,1.00000001818909,0.827186595952502
963199.999847544,135426.223838525,1.00000001754677,0.827532106407549
963299.99984752,135464.071730234,1.00000001766597,0.827266101158218
963399.999847497,135501.925525386,1.00000001777401,0.828138823155981
963499.999847474,135539.785156081,1.00000001753478,0.828460702477525
963599.99984745,135577.651065131,1.00000001813444,0.828168799440904
963699.999847427,135615.52391601,1.00000001781263,0.826953625112403
963799.999847404,135653.403708129,1.0000000180361,0.826207048912555
963899.999847381,135691.289276391,1.00000001790396,0.827054480178561
963999.999847357,135729.181767535,1.00000001735733,0.826737600164521
964099.999847334,135767.080303693,1.00000001723732,0.827559936549946
964199.999847311,135804.985514654,1.00000001790642,0.827747711758538
964299.999847287,135842.896638654,1.00000001758642,0.827599217562233
964399.999847264,135880.814146934,1.00000001778227,0.827490613483487
964499.999847241,135918.738591246,1.00000001775243,0.827783577799373
964599.999847218,135956.6704077,1.00000001751067,0.828335481425258
964699.999847194,135994.60826372,1.00000001795101,0.827850157332527
964799.999847171,136032.551167988,1.00000001767177,0.827881789589985
964899.999847148,136070.499317891,1.00000001785821,0.82906323835132
964999.999847124,136108.452541754,1.00000001787781,0.828114093280778
965099.999847101,136146.411677204,1.00000001730621,0.827789217692658
965199.999847078,136184.37703922,1.00000001743921,0.827975625445316
965299.999847055,136222.34859088,1.00000001752021,0.827309401468998
965399.999847031,136260.327258638,1.00000001751894,0.827586741689621
965499.999847008,136298.31116951,1.00000001768095,0.826882971621996
965599.999846985,136336.301596611,1.00000001759179,0.826617436968577
965699.999846961,136374.297927481,1.0000000175697,0.826854480772257
965799.999846938,136412.301184048,1.00000001833425,0.827172631945043
965899.999846915,136450.309673017,1.00000001804348,0.82728922395606
965999.999846892,136488.324410431,1.00000001774463,0.827254642396374
966099.999846868,136526.344514945,1.00000001758331,0.827997777966097
966199.999846845,136564.370374896,1.00000001741393,0.828364642960226
966299.999846822,136602.403101183,1.00000001828273,0.827167052789839
966399.999846798,136640.441300369,1.00000001767862,0.827630403752768
966499.999846775,136678.485635189,1.00000001767081,0.827975697598645
966599.999846752,136716.536476916,1.00000001829566,0.82700516177286
966699.999846729,136754.593119577,1.00000001789444,0.826930705788821
966799.999846705,136792.655359505,1.00000001740473,0.826983524853927
966899.999846682,136830.723935069,1.00000001760557,0.827350435921645
966999.999846659,136868.799222533,1.00000001757411,0.827210751158887
967099.999846636,136906.880581171,1.00000001786937,0.827671193788473
967199.999846612,136944.967584576,1.00000001744986,0.828274521131576
967299.999846589,136983.060927208,1.0000000173856,0.827942003018087
967399.999846566,137021.160011593,1.00000001788801,0.827987930546892
967499.999846542,137059.264159221,1.00000001751045,0.828178623348654
967599.999846519,137097.372962549,1.00000001787173,0.828186689214087
967699.999846496,137135.487466886,1.00000001787308,0.827793041636777
967799.999846473,137173.607696572,1.00000001719443,0.82849925777759
967899.999846449,137211.732403619,1.00000001753016,0.828761153535707
967999.999846426,137249.861160835,1.00000001765041,0.828352581409526
968099.999846403,137287.994564511,1.00000001764446,0.828284173782688
968199.999846379,137326.133010508,1.00000001790136,0.828073009754322
968299.999846356,137364.276877446,1.00000001763517,0.827432755322004
968399.999846333,137402.425713789,1.00000001756218,0.827817845386542
968499.99984631,137440.579758894,1.00000001776813,0.828083566960909
968599.999846286,137478.739278587,1.00000001779022,0.828521175354144
968699.999846263,137516.904292057,1.00000001739253,0.827928132485633
968799.99984624,137555.075010469,1.0000000176751,0.827693566350861
968899.999846216,137593.251191536,1.00000001738091,0.827884263196075
968999.999846193,137631.433101822,1.0000000175012,0.828552842984055
969099.99984617,137669.62058122,1.00000001730621,0.828448565862115
969199.999846147,137707.81287713,1.0000000177634,0.828620944816546
969299.999846123,137746.011098658,1.00000001774231,0.828449442680085
969399.9998461,137784.215234835,1.00000001711027,0.828816308176589
969499.999846077,137822.423891046,1.00000001771894,0.828996701176428
969599.999846053,137860.638093749,1.000000017739,0.828485250955188
969699.99984603,137898.858923581,1.00000001815845,0.828738697500258
969799.999846007,137937.084763537,1.00000001805821,0.827822089251056
969899.999845984,137975.316993586,1.00000001761267,0.827587701327469
969999.99984596,138013.554693787,1.00000001768367,0.827719504033032
970099.999845937,138051.798022592,1.00000001705479,0.827928873719021
970199.999845914,138090.046894384,1.00000001807471,0.828170748961268
970299.99984589,138128.302011278,1.0000000175261,0.828419360479562
970399.999845867,138166.562254556,1.00000001764454,0.828111324388441
970499.999845844,138204.828547566,1.00000001817243,0.828374298229523
970599.999845821,138243.100173117,1.00000001760685,0.827846482284693
970699.999845797,138281.378817342,1.00000001796351,0.827614956214398
970799.999845774,138319.662949233,1.00000001815957,0.827615778705114
970899.999845751,138357.953047384,1.00000001777483,0.828142026966074
970999.999845727,138396.247448207,1.00000001755679,0.828207385728642
971099.999845704,138434.546445611,1.00000001761304,0.82808126821649
971199.999845681,138472.850031129,1.00000001786298,0.827954070113763
971299.999845658,138511.159729425,1.0000000182774,0.827482954837982
971399.999845634,138549.475285949,1.00000001841169,0.82739149858193
971499.999845611,138587.796414491,1.00000001757799,0.827986798257017
971599.999845588,138626.122652185,1.00000001791948,0.828165485390242
971699.999845564,138664.454104173,1.000000018043,0.827435925726955
971799.999845541,138702.791261208,1.0000000179342,0.827857808527735
971899.999845518,138741.134569224,1.00000001837068,0.828404943725599
971999.999845495,138779.48232151,1.00000001788288,0.828381719121746
972099.999845471,138817.835325008,1.00000001839587,0.827949227233374
972199.999845448,138856.192736032,1.00000001806383,0.827758741345589
972299.999845425,138894.555387751,1.00000001792075,0.827950130237008
972399.999845402,138932.924006039,1.00000001745639,0.828626160855365
972499.999845378,138971.29846205,1.0000000177851,0.828450391719418
972599.999845355,139009.679370579,1.00000001771668,0.828422530214718
972699.999845332,139048.065803545,1.00000001757838,0.827844156917206
972799.999845308,139086.457837092,1.00000001825446,0.828318672769674
972899.999845285,139124.853921667,1.00000001819356,0.828596569879598
972999.999845262,139163.255450803,1.00000001756926,0.828209456039907
973099.999845239,139201.662665849,1.00000001797097,0.828065198011862
973199.999845215,139240.076549495,1.00000001760917,0.827818182334887
973299.999845192,139278.49616921,1.00000001815411,0.828506629486797
973399.999845169,139316.921090165,1.00000001830068,0.828644826377677
973499.999845145,139355.351131882,1.00000001767688,0.828473914050805
973599.999845122,139393.787562212,1.00000001789497,0.82811288079135
973699.999845099,139432.23088338,1.00000001818842,0.827936428940069
973799.999845076,139470.680214115,1.00000001787628,0.828233509344275
973899.999845052,139509.135760979,1.0000000181212,0.827735580132406
973999.999845029,139547.597800624,1.00000001785878,0.827518599187776
974099.999845006,139586.066946382,1.00000001699382,0.82779045043987
974199.999844982,139624.54289975,1.00000001824178,0.828274221875001
974299.999844959,139663.025222595,1.00000001795327,0.827993959718275
974399.999844936,139701.514644806,1.00000001759985,0.828433371222975
974499.999844913,139740.010228116,1.00000001821015,0.828369947537561
974599.999844889,139778.512121585,1.00000001760556,0.828233170136226
974699.999844866,139817.019505919,1.00000001787104,0.828610425149907
974799.999844843,139855.532630604,1.00000001772382,0.828395596401503
974899.999844819,139894.050896146,1.0000000175957,0.828556978913337
974999.999844796,139932.574668427,1.00000001805424,0.828721814353891
975099.999844773,139971.104638388,1.00000001782445,0.828109985945747
975199.99984475,140009.640531334,1.00000001758473,0.828106629580726
975299.999844726,140048.18274829,1.00000001831474,0.828148080440415
975399.999844703,140086.730291933,1.0000000176514,0.828046810062268
975499.99984468,140125.284095138,1.00000001818399,0.828287706627761
975599.999844656,140163.843912852,1.00000001805904,0.82829823724715
975699.999844633,140202.409957213,1.00000001800424,0.828209733312696
975799.99984461,140240.982292236,1.0000000177219,0.828490735579419
975899.999844587,140279.560397181,1.00000001785739,0.828886238043554
975999.999844563,140318.14359005,1.00000001753961,0.829269229493316
976099.99984454,140356.733116851,1.00000001811799,0.829102235287811
976199.999844517,140395.328214511,1.00000001757522,0.82891531532032
976299.999844493,140433.928864805,1.00000001782945,0.828818112225392
976399.99984447,140472.534599335,1.00000001784733,0.828316691115876
976499.999844447,140511.146739771,1.00000001770392,0.828948316842256
976599.999844424,140549.763271913,1.00000001818758,0.828772031996954
976699.9998444,140588.384542184,1.00000001845936,0.828863325587307
976799.999844377,140627.010281835,1.00000001821223,0.828218565043886
976899.999844354,140665.640963806,1.00000001792394,0.828654475836655
976999.99984433,140704.276168044,1.00000001761044,0.828640673001584
977099.999844307,140742.917082175,1.00000001736305,0.828930368124901
977199.999844284,140781.563488511,1.00000001808581,0.82843833471916
977299.999844261,140820.215321917,1.0000000181439,0.827847062736529
977399.999844237,140858.872533752,1.00000001793768,0.827704192317075
977499.999844214,140897.536262648,1.00000001764437,0.827216374982736
977599.999844191,140936.205501446,1.0000000182761,0.827299651999384
977699.999844167,140974.879660682,1.00000001807582,0.827512075817307
977799.999844144,141013.558650621,1.00000001798587,0.827791375668467
977899.999844121,141052.242503651,1.00000001721163,0.82823071371227
977999.999844098,141090.930659616,1.00000001740138,0.828208128606976
978099.999844074,141129.623877862,1.00000001758603,0.827975002570559
978199.999844051,141168.324376191,1.00000001799288,0.82846431840104
978299.999844028,141207.031183872,1.00000001747146,0.82880365096322
978399.999844005,141245.74389859,1.00000001744876,0.828934208281748
978499.999843981,141284.463065335,1.00000001740698,0.828853618994929
978599.999843958,141323.188636291,1.00000001811024,0.829249524075861
978699.999843935,141361.920428684,1.00000001782431,0.828776018325
978799.999843911,141400.658017507,1.00000001793059,0.828704673599237
978899.999843888,141439.401481889,1.00000001755016,0.828632536139075
978999.999843865,141478.151729043,1.00000001754483,0.827288525302178
979099.999843842,141516.908980126,1.00000001794497,0.827609273587894
979199.999843818,141555.672940677,1.00000001747949,0.828108559561653
979299.999843795,141594.442661742,1.00000001767217,0.828750466887122
979399.999843772,141633.217611737,1.00000001705834,0.828686998371578
979499.999843748,141671.99822892,1.00000001860904,0.82841206795239
979599.999843725,141710.783960387,1.00000001767269,0.828157964614059
979699.999843702,141749.575967382,1.00000001805594,0.828686055124311
979799.999843679,141788.37348283,1.00000001772649,0.828450082681804
979899.999843655,141827.176478167,1.00000001784149,0.828843809663475
979999.999843632,141865.983946851,1.00000001771274,0.828801566200353
980099.999843609,141904.795506063,1.00000001764334,0.829020808839573
980199.999843585,141943.611478109,1.00000001789281,0.828692744188439
980299.999843562,141982.432467918,1.00000001792697,0.82855815117253
980399.999843539,142021.258553553,1.00000001749689,0.828912457994998
980499.999843516,142060.090185913,1.00000001807196,0.829326643998812
980599.999843492,142098.927437825,1.00000001759461,0.829546153551957
980699.999843469,142137.770045187,1.00000001833151,0.82964114018973
980799.999843446,142176.618324424,1.00000001794058,0.829761085798713
980899.999843422,142215.47092224,1.00000001819478,0.829418833566961
980999.999843399,142254.327612883,1.00000001810847,0.829121080255414
981099.999843376,142293.189764897,1.00000001764733,0.828586227462186
981199.999843353,142332.058437893,1.00000001762414,0.828796942721062
981299.999843329,142370.932479644,1.00000001725383,0.829029253260113
981399.999843306,142409.812391956,1.00000001762331,0.828968576953022
981499.999843283,142448.696753216,1.00000001748556,0.828349800361693
981599.999843259,142487.58730739,1.00000001767016,0.82890065326459
981699.999843236,142526.483289963,1.00000001804766,0.828868851373212
981799.999843213,142565.384113343,1.00000001821576,0.82858010492045
981899.99984319,142604.290706276,1.00000001845189,0.828119170992105
981999.999843166,142643.202849907,1.00000001820512,0.828058945939391
982099.999843143,142682.121417626,1.0000000173403,0.827860007769638
982199.99984312,142721.045713115,1.00000001844585,0.828059853299052
982299.999843096,142759.976466916,1.00000001812706,0.828052323881694
982399.999843073,142798.913123031,1.00000001707747,0.828271312743069
982499.99984305,142837.855115958,1.0000000174049,0.827970521200714
982599.999843027,142876.802961799,1.00000001761875,0.828155207318342
982699.999843003,142915.757146465,1.00000001827742,0.828389619157995
982799.99984298,142954.716643653,1.00000001779754,0.828048446864015
982899.999842957,142993.681482173,1.0000000182135,0.828445001437691
982999.999842933,143032.652611039,1.00000001795728,0.828353277341501
983099.99984291,143071.63009163,1.00000001815678,0.828665542687388
983199.999842887,143110.613070192,1.00000001699231,0.828960549603042
983299.999842864,143149.601127901,1.00000001822938,0.829046683111971
983399.99984284,143188.59379143,1.00000001784958,0.829230960221607
983499.999842817,143227.591463795,1.00000001748604,0.829054299175442
983599.999842794,143266.594899307,1.00000001763056,0.829322021889262
983699.999842771,143305.603436019,1.0000000171092,0.829374277463384
983799.999842747,143344.618654291,1.00000001841415,0.828980295789856
983899.999842724,143383.640374303,1.00000001737959,0.829292275032345
983999.999842701,143422.66748507,1.00000001748953,0.82962604505965
984099.999842677,143461.700212262,1.0000000175183,0.828976487172995
984199.999842654,143500.737874822,1.00000001800773,0.828347617767131
984299.999842631,143539.781576863,1.00000001797333,0.828648477413619
984399.999842608,143578.831565899,1.00000001741046,0.828585187009177
984499.999842584,143617.887459589,1.00000001808389,0.82830085577558
984599.999842561,143656.949962859,1.00000001784776,0.828599823808467
984699.999842538,143696.01876503,1.00000001770827,0.829046274511246
984799.999842514,143735.094356368,1.0000000177602,0.828323174273275
984899.999842491,143774.177187918,1.00000001803019,0.828148658143597
984999.999842468,143813.266017698,1.00000001824105,0.828338108585918
985099.999842445,143852.360355721,1.00000001814555,0.828399418729613
985199.999842421,143891.459829332,1.00000001809496,0.828603600231074
985299.999842398,143930.564818359,1.00000001722293,0.828786892421086
985399.999842375,143969.675261757,1.0000000179384,0.828650783254699
985499.999842351,144008.791386751,1.00000001796542,0.828400197910211
985599.999842328,144047.913423198,1.00000001806027,0.828160309616975
985699.999842305,144087.041115387,1.00000001760285,0.82888736960906
985799.999842282,144126.174216572,1.00000001836957,0.828851755539538
985899.999842258,144165.311434167,1.00000001745266,0.829215573085295
985999.999842235,144204.452641294,1.00000001751292,0.829615462313045
986099.999842212,144243.597438782,1.00000001790845,0.829437082886081
986199.999842188,144282.745674262,1.00000001786321,0.829365190549161
986299.999842165,144321.897677342,1.00000001826962,0.829302992443842
986399.999842142,144361.055960999,1.00000001804732,0.828627447856707
986499.999842119,144400.219977295,1.00000001868348,0.828835050004239
986599.999842095,144439.3904071,1.0000000181477,0.828866658357988
986699.999842072,144478.567054223,1.00000001817608,0.829086450800187
986799.999842049,144517.749900237,1.00000001813334,0.829349057793256
986899.999842025,144556.939390471,1.00000001750859,0.829139256843176
986999.999842002,144596.136077198,1.00000001741322,0.828808237848727
987099.999841979,144635.339057343,1.00000001767493,0.829014368150645
987199.999841956,144674.548700649,1.0000000183737,0.828246888123723
987299.999841932,144713.764759826,1.00000001776482,0.827944888109679
987399.999841909,144752.988279118,1.00000001873364,0.828265725589117
987499.999841886,144792.217713342,1.00000001807931,0.828077238159359
987599.999841862,144831.454218929,1.00000001730063,0.828568815500476
987699.999841839,144870.697755282,1.00000001867003,0.829163089993891
987799.999841816,144909.947565486,1.00000001778643,0.828902677045221
987899.999841793,144949.202503217,1.00000001841706,0.829079583775277
987999.999841769,144988.46304228,1.00000001814792,0.829312160473538
988099.999841746,145027.728705623,1.00000001769555,0.829050433218729
988199.999841723,145067.000715987,1.00000001808586,0.829375189635631
988299.999841699,145106.278357605,1.00000001753856,0.82943663885145
988399.999841676,145145.561335751,1.00000001733779,0.829618313427891
988499.999841653,145184.849601363,1.0000000184214,0.829350737025174
988599.99984163,145224.143223216,1.00000001813583,0.828996445710178
988699.999841606,145263.443019786,1.0000000177529,0.829550487152361
988799.999841583,145302.750061636,1.00000001806064,0.829136734149698
988899.99984156,145342.063391328,1.00000001788839,0.828637333828587
988999.999841537,145381.384224392,1.0000000181333,0.829703251902749
989099.999841513,145420.712633994,1.00000001803914,0.828990009971783
989199.99984149,145460.047700769,1.00000001819656,0.829440304092168
989299.999841467,145499.389936392,1.00000001784566,0.829797628277444
989399.999841443,145538.738648018,1.00000001807613,0.829744005974819
989499.99984142,145578.092851593,1.00000001770763,0.8294561415
989599.999841397,145617.452615705,1.00000001798161,0.829368474025874
989699.999841374,145656.817959839,1.00000001888268,0.829210018384062
989799.99984135,145696.18911589,1.00000001777049,0.82931867956693
989899.999841327,145735.566792103,1.00000001794222,0.829409639347426
989999.999841304,145774.950274184,1.00000001743729,0.829231949590636
990099.99984128,145814.339051601,1.00000001789194,0.829717901322242
990199.999841257,145853.732147498,1.00000001829204,0.828902222625812
990299.999841234,145893.128316483,1.00000001791858,0.82921232810875
990399.999841211,145932.529231423,1.00000001830052,0.829175310518332
990499.999841187,145971.935317578,1.00000001780417,0.829405830265784
990599.999841164,146011.347255115,1.00000001798716,0.829368555256799
990699.999841141,146050.764355242,1.00000001813065,0.829339944178851
990799.999841117,146090.186565811,1.00000001808356,0.828810530020667
990899.999841094,146129.614067341,1.00000001715834,0.828992984755662
990999.999841071,146169.046006868,1.00000001830732,0.828320647435353
991099.999841048,146208.483494625,1.00000001778774,0.828865126173246
991199.999841024,146247.926821904,1.00000001793761,0.828674225675907
991299.999841001,146287.376974271,1.00000001775855,0.829286156178774
991399.999840978,146326.833010984,1.00000001793232,0.82903023556307
991499.999840954,146366.294875709,1.00000001756952,0.828594734433262
991599.999840931,146405.760885501,1.00000001815347,0.828543016631618
991699.999840908,146445.232413489,1.00000001792343,0.828219589400574
991799.999840885,146484.710222246,1.00000001837809,0.828729969846522
991899.999840861,146524.19369066,1.00000001837138,0.828920583310947
991999.999840838,146563.682563451,1.00000001719647,0.828544256773951
992099.999840815,146603.17621691,1.00000001783917,0.828951780074177
992199.999840791,146642.676213473,1.000000017888,0.829125539950931
992299.999840768,146682.181448844,1.00000001761365,0.829565140579797
992399.999840745,146721.692147737,1.00000001877418,0.829032318196635
992499.999840722,146761.208001526,1.00000001781495,0.829486399925901
992599.999840698,146800.730374006,1.0000000180641,0.829973389606573
992699.999840675,146840.258649454,1.00000001782273,0.829893993056265
992799.999840652,146879.794063627,1.00000001789343,0.829979542786646
992899.999840628,146919.334921507,1.0000000185695,0.829903488840721
992999.999840605,146958.880993532,1.00000001781978,0.829859134065374
993099.999840582,146998.432367486,1.00000001813366,0.829427596852094
993199.999840559,147037.989201158,1.00000001756381,0.829174926208243
993299.999840535,147077.55144457,1.00000001797823,0.828680255965238
993399.999840512,147117.11965391,1.00000001783782,0.829747959984758
993499.999840489,147156.693437462,1.00000001777812,0.829402385018138
993599.999840465,147196.273444677,1.00000001753897,0.829288519208734
993699.999840442,147235.858583799,1.00000001796838,0.828755197522009
993799.999840419,147275.448321706,1.00000001817254,0.828504492439257
993899.999840396,147315.04333733,1.00000001816116,0.828778056154655
993999.999840372,147354.64252168,1.00000001806894,0.829229568771161
994099.999840349,147394.246209096,1.0000000176986,0.829510416030468
994199.999840326,147433.85514598,1.0000000179308,0.829760444015327
994299.999840303,147473.468395437,1.00000001839117,0.829894056781261
994399.999840279,147513.086128701,1.000000017837,0.830165816871066
994499.999840256,147552.709202818,1.00000001763435,0.829574865673334
994599.999840233,147592.337100645,1.00000001846568,0.829621966529068
994699.999840209,147631.970349798,1.00000001812311,0.829391116409795
994799.999840186,147671.610070097,1.0000000173806,0.82951730424384
994899.999840163,147711.256064953,1.00000001835443,0.829494804279454
994999.99984014,147750.908464635,1.00000001822014,0.829394204928765
995099.999840116,147790.566783768,1.00000001856579,0.829066368065127
995199.999840093,147830.229967342,1.00000001780344,0.829283864430492
995299.99984007,147869.898293207,1.00000001811039,0.829170045509755
995399.999840046,147909.573143498,1.00000001805428,0.829057047857473
995499.999840023,147949.253546821,1.0000000179509,0.829154661654103
995599.99984,147988.939149147,1.00000001802695,0.829488631696357
995699.999839977,148028.630378196,1.00000001787152,0.829563652988237
995799.999839953,148068.326735642,1.00000001787216,0.828963918223029
995899.99983993,148108.028934583,1.00000001780935,0.828987233049333
995999.999839907,148147.735798468,1.00000001806121,0.829549150088958
996099.999839883,148187.447206752,1.00000001814448,0.829383099464094
996199.99983986,148227.163083656,1.00000001764323,0.829166461496141
996299.999839837,148266.882433043,1.00000001821121,0.829304098649729
996399.999839814,148306.607354192,1.00000001818741,0.829286766509475
996499.99983979,148346.338649025,1.00000001783211,0.828386776908263
996599.999839767,148386.076285662,1.00000001822378,0.829064137498828
996699.999839744,148425.81976547,1.00000001855336,0.829696829116978
996799.99983972,148465.569436523,1.0000000178116,0.829012627004772
996899.999839697,148505.325276707,1.00000001813066,0.828541326877244
996999.999839674,148545.087457324,1.00000001819833,0.828586548465923
997099.999839651,148584.85506231,1.00000001781183,0.828543283931812
997199.999839627,148624.627150731,1.00000001823588,0.828583932201454
997299.999839604,148664.403987423,1.0000000176187,0.827989721059675
997399.999839581,148704.18528005,1.00000001772408,0.828798068436721
997499.999839557,148743.971192952,1.00000001817436,0.8282832326352
997599.999839534,148783.763879109,1.00000001779276,0.828241471818189
997699.999839511,148823.563004253,1.00000001781449,0.828992983688084
997799.999839488,148863.367681132,1.00000001792402,0.829661456125455
997899.999839464,148903.177823733,1.0000000183256,0.829475295681544
997999.999839441,148942.994079734,1.00000001821278,0.829612656140292
998099.999839418,148982.815914796,1.00000001784098,0.830085523103551
998199.999839394,149022.643166131,1.00000001783073,0.829981535223596
998299.999839371,149062.47640593,1.0000000179273,0.829752866125043
998399.999839348,149102.316174714,1.00000001857181,0.829576130222017
998499.999839325,149142.163050305,1.00000001784436,0.829285661416214
998599.999839301,149182.015953551,1.00000001746903,0.828751388606716
998699.999839278,149221.87644625,1.00000001781819,0.828800259217255
998799.999839255,149261.743122583,1.00000001754918,0.829450606962699
998899.999839231,149301.614987485,1.0000000182451,0.82979417267306
998999.999839208,149341.491385127,1.00000001819902,0.829315280791819
999099.999839185,149381.373533147,1.00000001743207,0.829189386572694
999199.999839162,149421.260186074,1.00000001806109,0.829260238967937
999299.999839138,149461.152272127,1.00000001768301,0.829727918741732
999399.999839115,149501.04977399,1.00000001821313,0.829616607812133
999499.999839092,149540.953192233,1.00000001880519,0.829343585040342
999599.999839069,149580.862617287,1.00000001800391,0.829615983242822
999699.999839045,149620.779005222,1.00000001806498,0.82977088152629
999799.999839022,149660.700227863,1.00000001814349,0.830681414425193
999899.999838999,149700.626768288,1.00000001799544,0.830170054901799